xof 0303txt 0032

template XSkinMeshHeader {
  <3cf169ce-ff7c-44ab-93c0-f78f62d172e2>
  WORD nMaxSkinWeightsPerVertex;
  WORD nMaxSkinWeightsPerFace;
  WORD nBones;
}

template SkinWeights {
  <6f0d123b-bad2-4167-a0d0-80224f25fabb>
  STRING transformNodeName;
  DWORD nWeights;
  array DWORD vertexIndices[nWeights];
  array float weights[nWeights];
  Matrix4x4 matrixOffset;
}

Frame Root {
  FrameTransformMatrix {
     1.000000, 0.000000, 0.000000, 0.000000,
     0.000000,-0.000000, 1.000000, 0.000000,
     0.000000, 1.000000, 0.000000, 0.000000,
     0.000000, 0.000000, 0.000000, 1.000000;;
  }
  Frame Armature {
    FrameTransformMatrix {
       1.000000, 0.000000, 0.000000, 0.000000,
       0.000000, 1.000000, 0.000000, 0.000000,
       0.000000, 0.000000, 1.000000, 0.000000,
       0.000000, 0.000000, 0.000000, 1.000000;;
    }
    Frame Armature_Root {
      FrameTransformMatrix {
         1.000000,-0.000000,-0.000001, 0.000000,
         0.000000,-1.000000, 0.000000, 0.000000,
        -0.000001,-0.000000,-1.000000, 0.000000,
        -0.000000, 0.908224, 0.210400, 1.000000;;
      }
      Frame Armature_Stem_01 {
        FrameTransformMatrix {
           1.000000,-0.000000,-0.000001, 0.000000,
          -0.000001, 0.007502,-0.999972, 0.000000,
           0.000000, 0.999972, 0.007502, 0.000000,
          -0.000000, 0.899619,-0.000000, 1.000000;;
        }
        Frame Armature_Stem_02 {
          FrameTransformMatrix {
             1.000000, 0.000000,-0.000000, 0.000000,
             0.000000, 0.987794, 0.155764, 0.000000,
             0.000000,-0.155764, 0.987794, 0.000000,
            -0.000000, 1.147028, 0.000000, 1.000000;;
          }
          Frame Armature_Stem_03 {
            FrameTransformMatrix {
               1.000000, 0.000000,-0.000000, 0.000000,
               0.000000, 0.999898, 0.014315, 0.000000,
               0.000000,-0.014315, 0.999898, 0.000000,
              -0.000000, 0.510939,-0.000000, 1.000000;;
            }
            Frame Armature_Stem_04 {
              FrameTransformMatrix {
                 1.000000,-0.000000,-0.000000, 0.000000,
                 0.000000, 0.954858,-0.297061, 0.000000,
                 0.000000, 0.297061, 0.954858, 0.000000,
                -0.000000, 0.618025, 0.000000, 1.000000;;
              }
              Frame Armature_Stem_05 {
                FrameTransformMatrix {
                   1.000000,-0.000000, 0.000000, 0.000000,
                   0.000000, 0.985092,-0.172030, 0.000000,
                  -0.000000, 0.172030, 0.985092, 0.000000,
                   0.000000, 0.495197, 0.000000, 1.000000;;
                }
                Frame Armature_Stem_06 {
                  FrameTransformMatrix {
                     1.000000, 0.000000, 0.000000, 0.000000,
                    -0.000000, 0.940319, 0.340294, 0.000000,
                    -0.000000,-0.340294, 0.940319, 0.000000,
                    -0.000000, 0.494577, 0.000000, 1.000000;;
                  }
                  Frame Armature_Stem_07 {
                    FrameTransformMatrix {
                       1.000000, 0.000000,-0.000000, 0.000000,
                       0.000000, 0.836806, 0.547499, 0.000000,
                       0.000000,-0.547499, 0.836806, 0.000000,
                       0.000000, 0.468584,-0.000000, 1.000000;;
                    }
                    Frame Armature_Stem_08 {
                      FrameTransformMatrix {
                         1.000000, 0.000000,-0.000000, 0.000000,
                         0.000000, 0.946320, 0.323232, 0.000000,
                         0.000000,-0.323232, 0.946320, 0.000000,
                        -0.000000, 0.362180,-0.000000, 1.000000;;
                      }
                      Frame Armature_Stem_09 {
                        FrameTransformMatrix {
                           1.000000, 0.000000, 0.000000, 0.000000,
                          -0.000000, 0.863960, 0.503560, 0.000000,
                           0.000000,-0.503560, 0.863961, 0.000000,
                          -0.000000, 0.300116, 0.000000, 1.000000;;
                        }
                        Frame Armature_Stem_10 {
                          FrameTransformMatrix {
                             1.000000, 0.000000, 0.000000, 0.000000,
                            -0.000000, 0.900441, 0.434978, 0.000000,
                            -0.000000,-0.434978, 0.900441, 0.000000,
                            -0.000000, 0.437570, 0.000000, 1.000000;;
                          }
                          Frame Armature_Stem_011 {
                            FrameTransformMatrix {
                               1.000000, 0.000000, 0.000000, 0.000000,
                              -0.000000, 1.000000, 0.000000, 0.000000,
                               0.000000,-0.000000, 1.000000, 0.000000,
                              -0.000000, 0.902941, 0.000000, 1.000000;;
                            }
                            Frame Armature_Stem_012 {
                              FrameTransformMatrix {
                                 1.000000, 0.000000, 0.000000, 0.000000,
                                -0.000000, 1.000000, 0.000000, 0.000000,
                                 0.000000,-0.000000, 1.000000, 0.000000,
                                -0.000000, 0.882750, 0.000000, 1.000000;;
                              }
                            } // End of Armature_Stem_012
                          } // End of Armature_Stem_011
                          Frame Armature_Stem_11 {
                            FrameTransformMatrix {
                               0.000000, 0.000000,-1.000000, 0.000000,
                               0.000000,-1.000000,-0.000000, 0.000000,
                              -1.000000,-0.000000,-0.000000, 0.000000,
                              -0.000000, 0.902941, 0.000000, 1.000000;;
                            }
                          } // End of Armature_Stem_11
                          Frame Armature_petals_01 {
                            FrameTransformMatrix {
                               1.000000,-0.000000,-0.000000, 0.000000,
                              -0.000000, 0.065830,-0.997831, 0.000000,
                               0.000000, 0.997831, 0.065830, 0.000000,
                              -0.000000, 0.902941, 0.000000, 1.000000;;
                            }
                            Frame Armature_petals_06 {
                              FrameTransformMatrix {
                                 1.000000,-0.000000, 0.000000, 0.000000,
                                -0.000000, 0.882536, 0.470245, 0.000000,
                                -0.000000,-0.470245, 0.882536, 0.000000,
                                 0.000000, 1.185970,-0.000000, 1.000000;;
                              }
                              Frame Armature_petals_11 {
                                FrameTransformMatrix {
                                   1.000000,-0.000000, 0.000000, 0.000000,
                                  -0.000000, 0.915234, 0.402923, 0.000000,
                                  -0.000000,-0.402923, 0.915234, 0.000000,
                                  -0.000000, 1.092459,-0.000000, 1.000000;;
                                }
                              } // End of Armature_petals_11
                            } // End of Armature_petals_06
                          } // End of Armature_petals_01
                          Frame Armature_petals_02 {
                            FrameTransformMatrix {
                               0.196868,-0.001425, 0.980429, 0.000000,
                               0.978631, 0.060837,-0.196418, 0.000000,
                              -0.059366, 0.998147, 0.013371, 0.000000,
                              -0.000000, 0.902941, 0.000000, 1.000000;;
                            }
                            Frame Armature_petals_07 {
                              FrameTransformMatrix {
                                 0.999394, 0.030845, 0.016151, 0.000000,
                                -0.034816, 0.889615, 0.455381, 0.000000,
                                -0.000322,-0.455667, 0.890150, 0.000000,
                                 0.000000, 0.937615,-0.000000, 1.000000;;
                              }
                              Frame Armature_petals_12 {
                                FrameTransformMatrix {
                                   0.999882, 0.004954, 0.014529, 0.000000,
                                  -0.010256, 0.919853, 0.392129, 0.000000,
                                  -0.011422,-0.392232, 0.919796, 0.000000,
                                   0.000000, 1.170462,-0.000000, 1.000000;;
                                }
                              } // End of Armature_petals_12
                            } // End of Armature_petals_07
                          } // End of Armature_petals_02
                          Frame Armature_petals_03 {
                            FrameTransformMatrix {
                              -0.832864, 0.003391, 0.553467, 0.000000,
                               0.550330, 0.111573, 0.827459, 0.000000,
                              -0.058946, 0.993751,-0.094791, 0.000000,
                              -0.000000, 0.902941, 0.000000, 1.000000;;
                            }
                            Frame Armature_petals_08 {
                              FrameTransformMatrix {
                                 0.999680,-0.004963, 0.024818, 0.000000,
                                -0.008696, 0.853534, 0.520964, 0.000000,
                                -0.023769,-0.521013, 0.853218, 0.000000,
                                -0.000000, 1.139861,-0.000000, 1.000000;;
                              }
                              Frame Armature_petals_13 {
                                FrameTransformMatrix {
                                   0.999874,-0.010899, 0.011532, 0.000000,
                                   0.003835, 0.871213, 0.490890, 0.000000,
                                  -0.015397,-0.490784, 0.871145, 0.000000,
                                  -0.000000, 0.981683, 0.000000, 1.000000;;
                                }
                              } // End of Armature_petals_13
                            } // End of Armature_petals_08
                          } // End of Armature_petals_03
                          Frame Armature_petals_04 {
                            FrameTransformMatrix {
                              -0.831230,-0.000912,-0.555927, 0.000000,
                              -0.534387, 0.276982, 0.798568, 0.000000,
                               0.153253, 0.960875,-0.230723, 0.000000,
                              -0.000000, 0.902941, 0.000000, 1.000000;;
                            }
                            Frame Armature_petals_09 {
                              FrameTransformMatrix {
                                 0.996359, 0.009872,-0.084678, 0.000000,
                                 0.031977, 0.877474, 0.478558, 0.000000,
                                 0.079027,-0.479523, 0.873963, 0.000000,
                                -0.000000, 1.155247,-0.000000, 1.000000;;
                              }
                              Frame Armature_petals_14 {
                                FrameTransformMatrix {
                                   0.997493, 0.051038,-0.049014, 0.000000,
                                  -0.022950, 0.888554, 0.458198, 0.000000,
                                   0.066938,-0.455925, 0.887498, 0.000000,
                                   0.000000, 1.083433,-0.000000, 1.000000;;
                                }
                              } // End of Armature_petals_14
                            } // End of Armature_petals_09
                          } // End of Armature_petals_04
                          Frame Armature_petals_05 {
                            FrameTransformMatrix {
                               0.195597,-0.018143,-0.980517, 0.000000,
                              -0.980591, 0.010169,-0.195801, 0.000000,
                               0.013523, 0.999784,-0.015802, 0.000000,
                              -0.000000, 0.902941, 0.000000, 1.000000;;
                            }
                            Frame Armature_petals_10 {
                              FrameTransformMatrix {
                                 0.998994,-0.003503,-0.044705, 0.000000,
                                 0.024962, 0.871637, 0.489516, 0.000000,
                                 0.037252,-0.490139, 0.870848, 0.000000,
                                 0.000000, 1.049028,-0.000000, 1.000000;;
                              }
                              Frame Armature_petals_15 {
                                FrameTransformMatrix {
                                   0.999212,-0.007235,-0.039021, 0.000000,
                                   0.026261, 0.857731, 0.513428, 0.000000,
                                   0.029755,-0.514048, 0.857245, 0.000000,
                                  -0.000000, 1.052995,-0.000000, 1.000000;;
                                }
                              } // End of Armature_petals_15
                            } // End of Armature_petals_10
                          } // End of Armature_petals_05
                        } // End of Armature_Stem_10
                      } // End of Armature_Stem_09
                    } // End of Armature_Stem_08
                  } // End of Armature_Stem_07
                } // End of Armature_Stem_06
              } // End of Armature_Stem_05
            } // End of Armature_Stem_04
          } // End of Armature_Stem_03
        } // End of Armature_Stem_02
      } // End of Armature_Stem_01
      Frame Armature_Tentacles_L_01 {
        FrameTransformMatrix {
          -0.585502, 0.810514,-0.015934, 0.000000,
           0.646946, 0.455318,-0.611676, 0.000000,
          -0.488517,-0.368445,-0.790948, 0.000000,
          -0.000000, 0.899619,-0.000000, 1.000000;;
        }
        Frame Armature_Tentacles_L_02 {
          FrameTransformMatrix {
            -0.422537, 0.021083,-0.906101, 0.000000,
             0.014233, 0.999760, 0.016625, 0.000000,
             0.906234,-0.005872,-0.422735, 0.000000,
            -0.000000, 1.408865, 0.000000, 1.000000;;
          }
          Frame Armature_Tentacles_L_03 {
            FrameTransformMatrix {
               0.986779,-0.143666, 0.075020, 0.000000,
               0.142540, 0.989583, 0.020181, 0.000000,
              -0.077137,-0.009220, 0.996978, 0.000000,
              -0.000000, 0.886965, 0.000000, 1.000000;;
            }
            Frame Armature_Tentacles_L_04 {
              FrameTransformMatrix {
                 0.999847, 0.015399,-0.008358, 0.000000,
                -0.015207, 0.999629, 0.022596, 0.000000,
                 0.008703,-0.022466, 0.999710, 0.000000,
                -0.000000, 0.849557, 0.000000, 1.000000;;
              }
              Frame Armature_Tentacles_L_05 {
                FrameTransformMatrix {
                   0.987480,-0.152172, 0.041559, 0.000000,
                   0.150585, 0.987828, 0.038981, 0.000000,
                  -0.046985,-0.032235, 0.998375, 0.000000,
                  -0.000000, 0.792626,-0.000000, 1.000000;;
                }
                Frame Armature_Tentacles_L_06 {
                  FrameTransformMatrix {
                     0.985877,-0.166427, 0.018655, 0.000000,
                     0.166729, 0.985873,-0.015978, 0.000000,
                    -0.015732, 0.018863, 0.999698, 0.000000,
                    -0.000000, 0.895332,-0.000000, 1.000000;;
                  }
                  Frame Armature_Tentacles_L_07 {
                    FrameTransformMatrix {
                       0.946124,-0.321636, 0.037401, 0.000000,
                       0.315205, 0.941277, 0.121010, 0.000000,
                      -0.074126,-0.102702, 0.991946, 0.000000,
                      -0.000000, 0.868068, 0.000000, 1.000000;;
                    }
                    Frame Armature_Tentacles_L_08 {
                      FrameTransformMatrix {
                         0.958059,-0.261738, 0.116689, 0.000000,
                         0.263192, 0.964738, 0.003043, 0.000000,
                        -0.113371, 0.027797, 0.993164, 0.000000,
                        -0.000000, 0.583328,-0.000000, 1.000000;;
                      }
                      Frame Armature_Tentacles_L_09 {
                        FrameTransformMatrix {
                           0.987482,-0.157696, 0.003516, 0.000000,
                           0.157703, 0.986586,-0.042154, 0.000000,
                           0.003179, 0.042181, 0.999105, 0.000000,
                           0.000000, 0.970381,-0.000000, 1.000000;;
                        }
                      } // End of Armature_Tentacles_L_09
                    } // End of Armature_Tentacles_L_08
                  } // End of Armature_Tentacles_L_07
                } // End of Armature_Tentacles_L_06
              } // End of Armature_Tentacles_L_05
            } // End of Armature_Tentacles_L_04
          } // End of Armature_Tentacles_L_03
        } // End of Armature_Tentacles_L_02
      } // End of Armature_Tentacles_L_01
      Frame Armature_Tentacles_R_01 {
        FrameTransformMatrix {
          -0.591848,-0.805881, 0.016465, 0.000000,
          -0.643533, 0.460121,-0.611682, 0.000000,
           0.485367,-0.372618,-0.790932, 0.000000,
          -0.000000, 0.899619,-0.000000, 1.000000;;
        }
        Frame Armature_Tentacles_R_02 {
          FrameTransformMatrix {
            -0.429372,-0.018686, 0.902935, 0.000000,
            -0.012180, 0.999815, 0.014899, 0.000000,
            -0.903046,-0.004601,-0.429520, 0.000000,
            -0.000000, 1.408849,-0.000000, 1.000000;;
          }
          Frame Armature_Tentacles_R_03 {
            FrameTransformMatrix {
               0.978993, 0.192166,-0.068159, 0.000000,
              -0.190926, 0.981303, 0.024332, 0.000000,
               0.071560,-0.010808, 0.997378, 0.000000,
              -0.000000, 0.888887, 0.000000, 1.000000;;
            }
            Frame Armature_Tentacles_R_04 {
              FrameTransformMatrix {
                 0.999846,-0.015428, 0.008324, 0.000000,
                 0.015238, 0.999634, 0.022376, 0.000000,
                -0.008666,-0.022246, 0.999715, 0.000000,
                 0.000000, 0.851715, 0.000000, 1.000000;;
              }
              Frame Armature_Tentacles_R_05 {
                FrameTransformMatrix {
                   0.996510, 0.072511,-0.041358, 0.000000,
                  -0.071041, 0.996825, 0.035967, 0.000000,
                   0.043834,-0.032903, 0.998497, 0.000000,
                  -0.000000, 0.794669, 0.000000, 1.000000;;
                }
                Frame Armature_Tentacles_R_06 {
                  FrameTransformMatrix {
                     0.996361, 0.084470,-0.011410, 0.000000,
                    -0.084645, 0.996286,-0.015816, 0.000000,
                     0.010032, 0.016725, 0.999810, 0.000000,
                    -0.000000, 0.897868,-0.000000, 1.000000;;
                  }
                  Frame Armature_Tentacles_R_07 {
                    FrameTransformMatrix {
                       0.988164, 0.131848,-0.078403, 0.000000,
                      -0.123813, 0.987277, 0.099774, 0.000000,
                       0.090560,-0.088886, 0.991916, 0.000000,
                      -0.000000, 0.870522, 0.000000, 1.000000;;
                    }
                    Frame Armature_Tentacles_R_08 {
                      FrameTransformMatrix {
                         0.965257, 0.239835,-0.103719, 0.000000,
                        -0.240906, 0.970546, 0.002261, 0.000000,
                         0.101206, 0.022804, 0.994604, 0.000000,
                         0.000001, 0.585255,-0.000000, 1.000000;;
                      }
                      Frame Armature_Tentacles_R_09 {
                        FrameTransformMatrix {
                           0.999957,-0.007561, 0.005397, 0.000000,
                           0.007765, 0.999218,-0.038774, 0.000000,
                          -0.005100, 0.038814, 0.999233, 0.000000,
                           0.000000, 0.973723,-0.000000, 1.000000;;
                        }
                      } // End of Armature_Tentacles_R_09
                    } // End of Armature_Tentacles_R_08
                  } // End of Armature_Tentacles_R_07
                } // End of Armature_Tentacles_R_06
              } // End of Armature_Tentacles_R_05
            } // End of Armature_Tentacles_R_04
          } // End of Armature_Tentacles_R_03
        } // End of Armature_Tentacles_R_02
      } // End of Armature_Tentacles_R_01
    } // End of Armature_Root
    Frame Boss {
      FrameTransformMatrix {
         1.000000, 0.000000, 0.000000, 0.000000,
         0.000000, 1.000000, 0.000000, 0.000000,
         0.000000, 0.000000, 1.000000, 0.000000,
         0.000000, 0.000000, 0.000000, 1.000000;;
      }
      Mesh { // Boss mesh
        7860;
         0.672215;-0.147852; 0.377432;,
         0.700450; 0.086832; 0.404259;,
         0.328087; 0.000043; 0.280213;,
         1.415868;-0.035661; 0.986103;,
         1.437890;-0.039937; 0.971249;,
         1.111934; 0.087832; 0.640132;,
         1.607755;-0.546557; 1.351358;,
         1.300866;-0.620041; 0.983843;,
         1.322887;-0.624317; 0.968990;,
         1.668033;-0.237697; 1.352759;,
         1.693872;-0.242714; 1.347183;,
         1.437890;-0.039937; 0.971249;,
         1.607755;-0.546557; 1.351358;,
         1.633593;-0.551574; 1.345782;,
         1.753839;-0.397193; 1.764066;,
         1.668033;-0.237697; 1.352759;,
         1.728001;-0.392175; 1.769643;,
         1.753839;-0.397193; 1.764066;,
         0.334114; 0.000032; 0.196114;,
         0.715344; 0.083940; 0.382040;,
         0.700551;-0.153355; 0.335160;,
         0.715344; 0.083940; 0.382040;,
         1.111934; 0.087832; 0.640132;,
         1.108332;-0.258153; 0.578382;,
         1.108332;-0.258153; 0.578382;,
         1.111934; 0.087832; 0.640132;,
         1.437890;-0.039937; 0.971249;,
         1.452243;-0.346080; 0.921655;,
         1.437890;-0.039937; 0.971249;,
         1.693872;-0.242714; 1.347183;,
         1.717545;-0.407594; 1.334870;,
         1.693872;-0.242714; 1.347183;,
         1.753839;-0.397193; 1.764066;,
         1.300866;-0.620041; 0.983843;,
         0.960983;-0.576225; 0.656474;,
         0.980084;-0.579934; 0.637892;,
         1.092833; 0.091541; 0.658714;,
         1.111934; 0.087832; 0.640132;,
         0.715344; 0.083940; 0.382040;,
         0.960983;-0.576225; 0.656474;,
         0.608825;-0.375710; 0.403049;,
         0.623720;-0.378602; 0.380830;,
         0.303538;-0.123373; 0.280209;,
         0.309092;-0.125762; 0.196111;,
         0.623720;-0.378602; 0.380830;,
         1.728001;-0.392175; 1.769643;,
         1.668033;-0.237697; 1.352759;,
         1.668388;-0.398048; 1.345478;,
         1.668033;-0.237697; 1.352759;,
         1.415868;-0.035661; 0.986103;,
         1.404231;-0.336757; 0.954038;,
         1.415868;-0.035661; 0.986103;,
         1.092833; 0.091541; 0.658714;,
         1.066689;-0.250067; 0.618894;,
         1.066689;-0.250067; 0.618894;,
         1.092833; 0.091541; 0.658714;,
         0.700450; 0.086832; 0.404259;,
         1.066689;-0.250067; 0.618894;,
         0.672215;-0.147852; 0.377432;,
         0.608825;-0.375710; 0.403049;,
         1.300866;-0.620041; 0.983843;,
         1.404231;-0.336757; 0.954038;,
         1.066689;-0.250067; 0.618894;,
         1.607755;-0.546557; 1.351358;,
         1.668388;-0.398048; 1.345478;,
         1.404231;-0.336757; 0.954038;,
         0.328087; 0.000043; 0.280213;,
         0.700450; 0.086832; 0.404259;,
         0.715344; 0.083940; 0.382040;,
         1.452243;-0.346080; 0.921655;,
         1.717545;-0.407594; 1.334870;,
         1.633593;-0.551574; 1.345782;,
         1.108332;-0.258153; 0.578382;,
         1.452243;-0.346080; 0.921655;,
         1.322887;-0.624317; 0.968990;,
         0.623720;-0.378602; 0.380830;,
         0.700551;-0.153355; 0.335160;,
         1.108332;-0.258153; 0.578382;,
         0.309092;-0.125762; 0.196111;,
         0.320501;-0.068403; 0.196113;,
         0.700551;-0.153355; 0.335160;,
         1.633593;-0.551574; 1.345782;,
         1.717545;-0.407594; 1.334870;,
         1.753839;-0.397193; 1.764066;,
         1.607755;-0.546557; 1.351358;,
         1.728001;-0.392175; 1.769643;,
         1.668388;-0.398048; 1.345478;,
         0.303538;-0.123373; 0.280209;,
         0.608825;-0.375710; 0.403049;,
         0.672215;-0.147852; 0.377432;,
         0.000000;-1.192145; 0.736890;,
         0.000000;-1.400095; 1.023597;,
         0.198495;-1.403790; 1.020763;,
         0.000000;-0.657279; 0.353252;,
         0.299494;-0.639499; 0.384588;,
         0.129000;-0.297911; 0.280791;,
         0.131192;-0.303661; 0.196839;,
         0.299494;-0.651084; 0.365700;,
         0.000000;-0.679669; 0.316747;,
         0.000000;-1.224067; 0.713736;,
         0.312849;-1.171531; 0.751386;,
         0.198495;-1.421727; 1.007754;,
         0.000000;-0.982053; 0.487877;,
         0.357212;-0.936851; 0.541908;,
         0.312849;-1.171531; 0.751386;,
         0.312849;-1.153595; 0.764396;,
         0.312849;-1.171531; 0.751386;,
         0.357212;-0.936851; 0.541908;,
         0.312849;-1.153595; 0.764396;,
         0.357212;-0.921345; 0.560317;,
         0.000000;-0.953295; 0.522020;,
         0.129000;-0.297911; 0.280791;,
         0.299494;-0.639499; 0.384588;,
         0.299494;-0.651084; 0.365700;,
         0.357212;-0.921345; 0.560317;,
         0.357212;-0.936851; 0.541908;,
         0.299494;-0.651084; 0.365700;,
         0.000000;-0.953295; 0.522020;,
         0.357212;-0.921345; 0.560317;,
         0.299494;-0.639499; 0.384588;,
         0.299494;-0.651084; 0.365700;,
         0.357212;-0.936851; 0.541908;,
         0.000000;-0.982053; 0.487877;,
         1.010773; 1.305310; 1.047527;,
         0.992604; 1.287140; 1.064147;,
         1.253196; 1.345180; 1.370309;,
         1.391917; 1.207047; 1.371305;,
         1.296040; 0.985515; 1.066127;,
         1.309750; 0.999224; 1.053587;,
         0.625132; 1.111047; 0.688185;,
         0.610912; 1.096827; 0.711252;,
         0.992604; 1.287140; 1.064147;,
         1.448704; 1.383037; 1.709549;,
         1.434633; 1.368966; 1.717857;,
         1.391917; 1.207047; 1.371305;,
         1.253196; 1.345180; 1.370309;,
         1.434633; 1.368966; 1.717857;,
         1.448704; 1.383037; 1.709549;,
         0.454626; 0.491487; 0.373632;,
         0.863364; 0.893818; 0.672071;,
         0.610912; 1.096827; 0.711252;,
         1.168097; 1.160103; 1.024789;,
         1.341577; 1.295134; 1.350633;,
         1.253196; 1.345180; 1.370309;,
         0.863364; 0.893818; 0.672071;,
         1.168097; 1.160103; 1.024789;,
         0.992604; 1.287140; 1.064147;,
         1.341577; 1.295134; 1.350633;,
         1.434633; 1.368966; 1.717857;,
         1.253196; 1.345180; 1.370309;,
         1.296040; 0.985515; 1.066127;,
         1.068266; 0.643258; 0.713586;,
         1.078995; 0.653987; 0.696181;,
         0.211979; 0.715503; 0.366394;,
         0.201160; 0.704683; 0.392897;,
         0.610912; 1.096827; 0.711252;,
         1.068266; 0.643258; 0.713586;,
         0.670051; 0.240249; 0.394716;,
         0.678214; 0.248412; 0.374719;,
         0.678214; 0.248412; 0.374719;,
         0.670051; 0.240249; 0.394716;,
         0.233628; 0.228087; 0.280222;,
         0.488365; 0.525226; 0.275278;,
         0.211979; 0.715503; 0.366394;,
         0.625132; 1.111047; 0.688185;,
         1.406984; 1.222114; 1.362409;,
         1.395805; 1.349362; 1.285224;,
         1.448704; 1.383037; 1.709549;,
         1.395805; 1.349362; 1.285224;,
         1.406984; 1.222114; 1.362409;,
         1.309750; 0.999224; 1.053587;,
         0.131192; 0.303726; 0.196123;,
         0.211979; 0.715503; 0.366394;,
         0.488365; 0.525226; 0.275278;,
         1.309750; 0.999224; 1.053587;,
         1.078995; 0.653987; 0.696181;,
         0.899964; 0.930417; 0.601584;,
         0.233628; 0.228087; 0.280222;,
         0.670051; 0.240249; 0.394716;,
         0.454626; 0.491487; 0.373632;,
         1.296040; 0.985515; 1.066127;,
         1.168097; 1.160103; 1.024789;,
         0.863364; 0.893818; 0.672071;,
         1.391917; 1.207047; 1.371305;,
         1.341577; 1.295134; 1.350633;,
         1.168097; 1.160103; 1.024789;,
         1.068266; 0.643258; 0.713586;,
         0.863364; 0.893818; 0.672071;,
         0.454626; 0.491487; 0.373632;,
         1.010773; 1.305310; 1.047527;,
         1.213543; 1.205548; 0.968740;,
         0.899964; 0.930417; 0.601584;,
         0.237835; 0.232469; 0.196121;,
         0.189209; 0.264961; 0.196122;,
         0.488365; 0.525226; 0.275278;,
         1.269002; 1.360986; 1.360976;,
         1.395805; 1.349362; 1.285224;,
         1.213543; 1.205548; 0.968740;,
         1.078995; 0.653987; 0.696181;,
         0.678214; 0.248412; 0.374719;,
         0.488365; 0.525226; 0.275278;,
         1.448704; 1.383037; 1.709549;,
         1.395805; 1.349362; 1.285224;,
         1.269002; 1.360986; 1.360976;,
         1.391917; 1.207047; 1.371305;,
         1.434633; 1.368966; 1.717857;,
         1.341577; 1.295134; 1.350633;,
         0.181314; 0.263042; 0.280223;,
         0.117478; 0.269124; 0.745471;,
         0.211947; 0.206002; 0.745466;,
         0.129000; 0.297997; 0.280224;,
         0.201160; 0.704683; 0.392897;,
         0.211979; 0.715503; 0.366394;,
         0.070855;-0.167914; 4.719721;,
         0.066061;-0.160413; 4.493885;,
         0.122531;-0.122680; 4.493904;,
         0.070931;-0.161781; 4.164847;,
         0.074342;-0.171842; 3.770430;,
         0.134801;-0.131444; 3.770445;,
         0.110068;-0.253343; 1.107662;,
         0.199079;-0.193868; 1.107670;,
         0.183003;-0.180025; 1.645320;,
        -0.189165; 0.077655; 3.269844;,
        -0.175199; 0.071648; 3.770522;,
        -0.134801; 0.132107; 3.770545;,
         0.000000; 0.175879; 4.164994;,
         0.000000; 0.174468; 4.494051;,
         0.066061; 0.161218; 4.494044;,
        -0.218781; 0.090202; 2.249134;,
        -0.202023; 0.083136; 2.781414;,
        -0.155079; 0.153392; 2.781434;,
         0.000000; 0.216821; 2.781451;,
         0.084823; 0.200336; 2.781447;,
         0.091529; 0.217454; 2.249163;,
         0.000000; 0.255026; 1.645397;,
         0.000000; 0.235352; 2.249167;,
         0.091529; 0.217454; 2.249163;,
         0.000000; 0.186691; 3.770566;,
         0.074342; 0.172505; 3.770560;,
         0.079761; 0.187060; 3.269880;,
         0.084823;-0.199810; 2.781335;,
         0.091529;-0.217011; 2.249065;,
         0.167811;-0.166041; 2.249077;,
         0.129000;-0.297911; 0.280791;,
         0.131192;-0.303661; 0.196839;,
         0.237835;-0.232405; 0.196841;,
         0.000000;-0.274228; 1.107659;,
         0.110068;-0.253343; 1.107662;,
         0.100324;-0.235269; 1.645310;,
         0.000000;-0.175141; 4.164841;,
         0.000000;-0.186028; 3.770424;,
         0.074342;-0.171842; 3.770430;,
         0.000000;-0.201857; 3.269754;,
         0.000000;-0.216294; 2.781330;,
         0.084823;-0.199810; 2.781335;,
         0.237835;-0.232405; 0.196841;,
         0.194509;-0.285050;-0.021065;,
         0.251208;-0.247164;-0.021065;,
         0.000000;-0.181785; 4.719713;,
         0.000000;-0.173663; 4.493878;,
         0.066061;-0.160413; 4.493885;,
         0.000000;-0.216294; 2.781330;,
         0.000000;-0.234909; 2.249061;,
         0.091529;-0.217011; 2.249065;,
         0.218781;-0.089759; 2.249094;,
         0.167811;-0.166041; 2.249077;,
         0.183003;-0.180025; 1.645320;,
         0.100324; 0.235626; 1.645393;,
         0.091529; 0.217454; 2.249163;,
         0.167811; 0.166484; 2.249152;,
         0.117478; 0.269124; 0.745471;,
         0.110068; 0.253618; 1.107729;,
         0.199079; 0.194143; 1.107721;,
         0.079761;-0.186469; 3.269759;,
         0.084823;-0.199810; 2.781335;,
         0.155079;-0.152866; 2.781348;,
         0.160264;-0.066209; 4.493932;,
         0.122531;-0.122680; 4.493904;,
         0.127870;-0.123735; 4.164864;,
         0.868480; 0.344892; 5.918045;,
         0.932521; 0.052231; 5.917864;,
         1.536233; 0.137128; 5.912120;,
         0.218781;-0.089759; 2.249094;,
         0.202023;-0.082609; 2.781368;,
         0.155079;-0.152866; 2.781348;,
         0.070931; 0.162519; 4.164988;,
         0.066061; 0.161218; 4.494044;,
         0.122531; 0.123485; 4.494026;,
         0.334114; 0.000032; 0.196114;,
         0.320501;-0.068403; 0.196113;,
         0.353587;-0.000000;-0.022485;,
         0.238246; 0.097704; 1.645369;,
         0.218781; 0.090202; 2.249134;,
         0.236680; 0.000222; 2.249114;,
         0.236680; 0.000222; 2.249114;,
         0.218507; 0.000263; 2.781391;,
         0.202023;-0.082609; 2.781368;,
         0.258554;-0.104858; 1.107682;,
         0.199079;-0.193868; 1.107670;,
         0.211947;-0.205801; 0.745427;,
         0.173514; 0.000403; 4.493965;,
         0.160264;-0.066209; 4.493932;,
         0.165916;-0.066795; 4.164889;,
         0.189165;-0.077065; 3.269795;,
         0.175199;-0.070985; 3.770468;,
         0.134801;-0.131444; 3.770445;,
         0.236680; 0.000222; 2.249114;,
         0.218781;-0.089759; 2.249094;,
         0.238246;-0.097347; 1.645335;,
         0.084823; 0.200336; 2.781447;,
         0.155079; 0.153392; 2.781434;,
         0.167811; 0.166484; 2.249152;,
         0.074342; 0.172505; 3.770560;,
         0.134801; 0.132107; 3.770545;,
         0.145344; 0.143238; 3.269866;,
         0.204553; 0.000295; 3.269820;,
         0.189384; 0.000332; 3.770495;,
         0.175199;-0.070985; 3.770468;,
         0.275068; 0.111534; 0.745457;,
         0.258554; 0.105132; 1.107709;,
         0.279439; 0.000137; 1.107695;,
         0.189165; 0.077655; 3.269844;,
         0.175199; 0.071648; 3.770522;,
         0.189384; 0.000332; 3.770495;,
         0.211947; 0.206002; 0.745466;,
         0.199079; 0.194143; 1.107721;,
         0.258554; 0.105132; 1.107709;,
         0.127870; 0.124473; 4.164971;,
         0.122531; 0.123485; 4.494026;,
         0.160264; 0.067014; 4.493997;,
         0.183003; 0.180382; 1.645383;,
         0.167811; 0.166484; 2.249152;,
         0.218781; 0.090202; 2.249134;,
         0.000000; 0.291289; 0.745474;,
         0.000000; 0.274503; 1.107732;,
         0.110068; 0.253618; 1.107729;,
         0.169472; 0.070168; 4.719855;,
         0.210559; 0.087685; 4.945721;,
         0.227907; 0.000470; 4.945668;,
         0.218781; 0.090202; 2.249134;,
         0.202023; 0.083136; 2.781414;,
         0.218507; 0.000263; 2.781391;,
         0.343190; 0.142062; 5.610242;,
         0.242406; 0.103617; 5.847342;,
         0.265550;-0.002145; 5.847438;,
         0.262666; 0.262575; 5.610318;,
         0.142154; 0.343098; 5.610368;,
         0.129212; 0.231294; 5.847226;,
         0.262666; 0.262575; 5.610318;,
         0.183699; 0.185242; 5.847269;,
         0.242406; 0.103617; 5.847342;,
         0.151409;-0.365318; 5.354050;,
         0.279767;-0.279552; 5.354102;,
         0.262666;-0.262757; 5.609990;,
         0.365534;-0.151194; 5.354184;,
         0.395651; 0.000215; 5.354278;,
         0.371466;-0.000090; 5.610155;,
         0.395651; 0.000215; 5.354278;,
         0.365534; 0.151622; 5.354371;,
         0.343190; 0.142062; 5.610242;,
         0.279767;-0.279552; 5.354102;,
         0.365534;-0.151194; 5.354184;,
         0.343190;-0.142244; 5.610066;,
         0.343190;-0.142244; 5.610066;,
         0.371466;-0.000090; 5.610155;,
         0.265550;-0.002145; 5.847438;,
         0.279767; 0.279981; 5.354452;,
         0.151409; 0.365747; 5.354505;,
         0.142154; 0.343098; 5.610368;,
         0.365534; 0.151622; 5.354371;,
         0.279767; 0.279981; 5.354452;,
         0.262666; 0.262575; 5.610318;,
         0.262666;-0.262757; 5.609990;,
         0.343190;-0.142244; 5.610066;,
         0.245964;-0.109702; 5.847536;,
         0.142154; 0.343098; 5.610368;,
         0.000000; 0.371374; 5.610385;,
         0.000000; 0.270075; 5.847192;,
         0.151409; 0.365747; 5.354505;,
         0.000000; 0.395865; 5.354524;,
         0.000000; 0.371374; 5.610385;,
         0.000000;-0.371556; 5.609922;,
         0.142154;-0.343280; 5.609940;,
         0.103497;-0.250234; 5.847662;,
         0.000000;-0.395436; 5.354030;,
         0.151409;-0.365318; 5.354050;,
         0.142154;-0.343280; 5.609940;,
         0.142154;-0.343280; 5.609940;,
         0.262666;-0.262757; 5.609990;,
         0.191236;-0.191608; 5.847610;,
         0.235186;-0.234809; 5.113549;,
         0.307286;-0.126905; 5.113618;,
         0.365534;-0.151194; 5.354184;,
         0.307286;-0.126905; 5.113618;,
         0.332604; 0.000376; 5.113696;,
         0.395651; 0.000215; 5.354278;,
         0.332604; 0.000376; 5.113696;,
         0.307286; 0.127657; 5.113775;,
         0.365534; 0.151622; 5.354371;,
         0.127282; 0.307661; 5.113887;,
         0.000000; 0.332979; 5.113904;,
         0.000000; 0.395865; 5.354524;,
         0.000000;-0.332227; 5.113488;,
         0.127282;-0.306909; 5.113505;,
         0.151409;-0.365318; 5.354050;,
         0.307286; 0.127657; 5.113775;,
         0.235186; 0.235561; 5.113842;,
         0.279767; 0.279981; 5.354452;,
         0.235186; 0.235561; 5.113842;,
         0.127282; 0.307661; 5.113887;,
         0.151409; 0.365747; 5.354505;,
         0.127282;-0.306909; 5.113505;,
         0.235186;-0.234809; 5.113549;,
         0.279767;-0.279552; 5.354102;,
         0.161155;-0.160684; 4.945568;,
         0.235186;-0.234809; 5.113549;,
         0.127282;-0.306909; 5.113505;,
         0.161155; 0.161623; 4.945768;,
         0.235186; 0.235561; 5.113842;,
         0.307286; 0.127657; 5.113775;,
         0.087217;-0.210089; 4.945537;,
         0.127282;-0.306909; 5.113505;,
         0.000000;-0.332227; 5.113488;,
         0.087217; 0.211027; 4.945799;,
         0.127282; 0.307661; 5.113887;,
         0.235186; 0.235561; 5.113842;,
         0.000000; 0.228376; 4.945810;,
         0.000000; 0.332979; 5.113904;,
         0.127282; 0.307661; 5.113887;,
         0.227907; 0.000470; 4.945668;,
         0.332604; 0.000376; 5.113696;,
         0.307286;-0.126905; 5.113618;,
         0.210559;-0.086746; 4.945614;,
         0.307286;-0.126905; 5.113618;,
         0.235186;-0.234809; 5.113549;,
         0.227907; 0.000470; 4.945668;,
         0.210559;-0.086746; 4.945614;,
         0.169472;-0.069296; 4.719778;,
         0.070855; 0.168785; 4.719911;,
         0.087217; 0.211027; 4.945799;,
         0.161155; 0.161623; 4.945768;,
         0.210559;-0.086746; 4.945614;,
         0.161155;-0.160684; 4.945568;,
         0.129972;-0.128413; 4.719743;,
         0.000000; 0.328748; 0.196123;,
         0.131192; 0.303726; 0.196123;,
         0.137809; 0.322935;-0.022485;,
         0.000000; 0.182656; 4.719919;,
         0.000000; 0.228376; 4.945810;,
         0.087217; 0.211027; 4.945799;,
         0.210559; 0.087685; 4.945721;,
         0.307286; 0.127657; 5.113775;,
         0.332604; 0.000376; 5.113696;,
         0.129972; 0.129285; 4.719889;,
         0.161155; 0.161623; 4.945768;,
         0.210559; 0.087685; 4.945721;,
         0.000000; 0.270029; 5.919748;,
         0.000000; 0.101518; 6.011310;,
         0.039057; 0.093750; 6.011305;,
         0.039057;-0.094829; 6.011188;,
         0.072167;-0.072706; 6.011201;,
         0.094763;-0.095439; 6.156317;,
         0.183699; 0.185196; 5.919694;,
         0.072167; 0.071627; 6.011292;,
         0.094290; 0.038516; 6.011271;,
         0.245964;-0.109748; 5.919512;,
         0.094290;-0.039596; 6.011222;,
         0.072167;-0.072706; 6.011201;,
         0.129212; 0.231249; 5.919724;,
         0.039057; 0.093750; 6.011305;,
         0.072167; 0.071627; 6.011292;,
         0.242406; 0.103572; 5.919644;,
