xof 0303txt 0032

template XSkinMeshHeader {
  <3cf169ce-ff7c-44ab-93c0-f78f62d172e2>
  WORD nMaxSkinWeightsPerVertex;
  WORD nMaxSkinWeightsPerFace;
  WORD nBones;
}

template SkinWeights {
  <6f0d123b-bad2-4167-a0d0-80224f25fabb>
  STRING transformNodeName;
  DWORD nWeights;
  array DWORD vertexIndices[nWeights];
  array float weights[nWeights];
  Matrix4x4 matrixOffset;
}

Frame Root {
  FrameTransformMatrix {
     1.000000, 0.000000, 0.000000, 0.000000,
     0.000000,-0.000000, 1.000000, 0.000000,
     0.000000, 1.000000, 0.000000, 0.000000,
     0.000000, 0.000000, 0.000000, 1.000000;;
  }
  Frame Armature {
    FrameTransformMatrix {
       1.000000, 0.000000, 0.000000, 0.000000,
       0.000000, 1.000000, 0.000000, 0.000000,
       0.000000, 0.000000, 1.000000, 0.000000,
       0.000000, 0.000000, 0.000000, 1.000000;;
    }
    Frame Armature_Root {
      FrameTransformMatrix {
         0.120658,-0.992631,-0.011225, 0.000000,
         0.000043,-0.011302, 0.999936, 0.000000,
        -0.992694,-0.120650,-0.001321, 0.000000,
         0.003544,-0.174524, 0.721289, 1.000000;;
      }
      Frame Armature_Spine1 {
        FrameTransformMatrix {
           0.874183, 0.481369,-0.063932, 0.000000,
          -0.485556, 0.864827,-0.127704, 0.000000,
          -0.006182, 0.142679, 0.989750, 0.000000,
          -0.000000, 0.305347,-0.000000, 1.000000;;
        }
        Frame Armature_Spine2 {
          FrameTransformMatrix {
             0.996227,-0.014229, 0.085615, 0.000000,
             0.012268, 0.999651, 0.023395, 0.000000,
            -0.085918,-0.022256, 0.996054, 0.000000,
             0.000000, 0.319726,-0.000000, 1.000000;;
          }
          Frame Armature_Clavicle_L {
            FrameTransformMatrix {
              -0.921789, 0.377794,-0.087041, 0.000000,
              -0.136207,-0.105382, 0.985059, 0.000000,
               0.362977, 0.919873, 0.148598, 0.000000,
              -0.000000, 0.361386, 0.000000, 1.000000;;
            }
            Frame Armature_UpperArm_L {
              FrameTransformMatrix {
                 0.954220, 0.010953, 0.298904, 0.000000,
                 0.283213, 0.288319,-0.914693, 0.000000,
                -0.096198, 0.957472, 0.272018, 0.000000,
                -0.000000, 0.361187, 0.000000, 1.000000;;
              }
              Frame Armature_Forearm_L {
                FrameTransformMatrix {
                   0.991813,-0.061739, 0.111783, 0.000000,
                   0.074481, 0.990724,-0.113659, 0.000000,
                  -0.103729, 0.121054, 0.987211, 0.000000,
                   0.000000, 0.269625, 0.000000, 1.000000;;
                }
                Frame Armature_Wrist_L {
                  FrameTransformMatrix {
                     0.995607,-0.069177, 0.063107, 0.000000,
                     0.071701, 0.996677,-0.038657, 0.000000,
                    -0.060223, 0.043012, 0.997258, 0.000000,
                     0.000000, 0.378653, 0.000000, 1.000000;;
                  }
                  Frame Armature_Hand1_L {
                    FrameTransformMatrix {
                       0.877875,-0.366700, 0.308004, 0.000000,
                       0.477596, 0.717653,-0.506830, 0.000000,
                      -0.035185, 0.592035, 0.805144, 0.000000,
                      -0.000000, 0.081869, 0.000000, 1.000000;;
                    }
                    Frame Armature_Finger1_L {
                      FrameTransformMatrix {
                         0.973281, 0.228999,-0.016871, 0.000000,
                        -0.187698, 0.835763, 0.516013, 0.000000,
                         0.132266,-0.499059, 0.856415, 0.000000,
                         0.000000, 0.079389, 0.000000, 1.000000;;
                      }
                    } // End of Armature_Finger1_L
                  } // End of Armature_Hand1_L
                  Frame Armature_Hand2_L {
                    FrameTransformMatrix {
                       0.973390,-0.175469, 0.147385, 0.000000,
                       0.168333, 0.983923, 0.059666, 0.000000,
                      -0.155484,-0.033268, 0.987278, 0.000000,
                      -0.000000, 0.081869, 0.000000, 1.000000;;
                    }
                    Frame Armature_Finger2_L {
                      FrameTransformMatrix {
                         0.998239, 0.043579,-0.040254, 0.000000,
                        -0.046918, 0.995180,-0.086114, 0.000000,
                         0.036307, 0.087851, 0.995472, 0.000000,
                         0.000000, 0.088921, 0.000000, 1.000000;;
                      }
                    } // End of Armature_Finger2_L
                  } // End of Armature_Hand2_L
                  Frame Armature_Hand3_L {
                    FrameTransformMatrix {
                       0.816348, 0.442256,-0.371465, 0.000000,
                      -0.333068, 0.885928, 0.322797, 0.000000,
                       0.471850,-0.139792, 0.870526, 0.000000,
                      -0.000000, 0.081869, 0.000000, 1.000000;;
                    }
                    Frame Armature_Finger3_L {
                      FrameTransformMatrix {
                         0.760291,-0.374599, 0.530691, 0.000000,
                         0.453713, 0.890897,-0.021151, 0.000000,
                        -0.464868, 0.256862, 0.847301, 0.000000,
                        -0.000000, 0.085096, 0.000000, 1.000000;;
                      }
                    } // End of Armature_Finger3_L
                  } // End of Armature_Hand3_L
                } // End of Armature_Wrist_L
              } // End of Armature_Forearm_L
            } // End of Armature_UpperArm_L
          } // End of Armature_Clavicle_L
          Frame Armature_Clavicle_R {
            FrameTransformMatrix {
              -0.957823, 0.281752,-0.056490, 0.000000,
               0.009729,-0.164674,-0.986300, 0.000000,
              -0.287195,-0.945250, 0.154987, 0.000000,
              -0.000000, 0.361386, 0.000000, 1.000000;;
            }
            Frame Armature_UpperArm_R {
              FrameTransformMatrix {
                 0.980844, 0.118390, 0.154688, 0.000000,
                -0.190848, 0.425020, 0.884836, 0.000000,
                 0.039010,-0.897408, 0.439473, 0.000000,
                -0.000000, 0.361048, 0.000000, 1.000000;;
              }
              Frame Armature_Forearm_R {
                FrameTransformMatrix {
                   0.984838,-0.120522,-0.124773, 0.000000,
                   0.136209, 0.982643, 0.125935, 0.000000,
                   0.107429,-0.141021, 0.984160, 0.000000,
                   0.000000, 0.269625, 0.000000, 1.000000;;
                }
                Frame Armature_Wrist_R {
                  FrameTransformMatrix {
                     0.995607,-0.069177,-0.063106, 0.000000,
                     0.071701, 0.996677, 0.038656, 0.000000,
                     0.060222,-0.043011, 0.997258, 0.000000,
                     0.000000, 0.378653,-0.000000, 1.000000;;
                  }
                  Frame Armature_Hand1_R {
                    FrameTransformMatrix {
                       0.877875,-0.366699,-0.308006, 0.000000,
                       0.477596, 0.717651, 0.506832, 0.000000,
                       0.035186,-0.592038, 0.805142, 0.000000,
                       0.000000, 0.081869, 0.000000, 1.000000;;
                    }
                    Frame Armature_Finger1_R {
                      FrameTransformMatrix {
                         0.973280, 0.228999, 0.016873, 0.000000,
                        -0.187697, 0.835762,-0.516015, 0.000000,
                        -0.132268, 0.499061, 0.856413, 0.000000,
                         0.000000, 0.079389, 0.000000, 1.000000;;
                      }
                    } // End of Armature_Finger1_R
                  } // End of Armature_Hand1_R
                  Frame Armature_Hand2_R {
                    FrameTransformMatrix {
                       0.936120,-0.269290,-0.226190, 0.000000,
                       0.263378, 0.963036,-0.056512, 0.000000,
                       0.233047,-0.006671, 0.972442, 0.000000,
                       0.000000, 0.081869, 0.000000, 1.000000;;
                    }
                    Frame Armature_Finger2_R {
                      FrameTransformMatrix {
                         0.966694, 0.191674, 0.169602, 0.000000,
                        -0.199337, 0.979496, 0.029209, 0.000000,
                        -0.160526,-0.062044, 0.985080, 0.000000,
                         0.000000, 0.074035, 0.000000, 1.000000;;
                      }
                    } // End of Armature_Finger2_R
                  } // End of Armature_Hand2_R
                  Frame Armature_Hand3_R {
                    FrameTransformMatrix {
                       0.859010, 0.392023, 0.329272, 0.000000,
                      -0.251184, 0.883153,-0.396167, 0.000000,
                      -0.446103, 0.257604, 0.857107, 0.000000,
                       0.000000, 0.081869, 0.000000, 1.000000;;
                    }
                    Frame Armature_Finger3_R {
                      FrameTransformMatrix {
                         0.794974,-0.297638,-0.528610, 0.000000,
                         0.440959, 0.881934, 0.166576, 0.000000,
                         0.416620,-0.365519, 0.832361, 0.000000,
                         0.000000, 0.076117, 0.000000, 1.000000;;
                      }
                    } // End of Armature_Finger3_R
                  } // End of Armature_Hand3_R
                } // End of Armature_Wrist_R
              } // End of Armature_Forearm_R
            } // End of Armature_UpperArm_R
          } // End of Armature_Clavicle_R
          Frame Armature_Head {
            FrameTransformMatrix {
               0.994945,-0.030137, 0.095796, 0.000000,
               0.028656, 0.999448, 0.016802, 0.000000,
              -0.096250,-0.013972, 0.995259, 0.000000,
              -0.000000, 0.361386, 0.000000, 1.000000;;
            }
          } // End of Armature_Head
        } // End of Armature_Spine2
      } // End of Armature_Spine1
      Frame Armature_Thighs_L {
        FrameTransformMatrix {
          -0.970015,-0.243046,-0.000000, 0.000000,
           0.221828,-0.885333, 0.408630, 0.000000,
          -0.099316, 0.396377, 0.912700, 0.000000,
          -0.066730, 0.036734, 0.237966, 1.000000;;
        }
        Frame Armature_Calf_L {
          FrameTransformMatrix {
             0.973445, 0.208937,-0.093544, 0.000000,
            -0.227618, 0.926950,-0.298250, 0.000000,
             0.024395, 0.311622, 0.949893, 0.000000,
             0.000000, 0.396929, 0.000000, 1.000000;;
          }
          Frame Armature_Foot1_L {
            FrameTransformMatrix {
              -0.046019,-0.993252, 0.106453, 0.000000,
               0.993822,-0.034749, 0.105406, 0.000000,
              -0.100996, 0.110646, 0.988715, 0.000000,
               0.000000, 0.360436, 0.000000, 1.000000;;
            }
            Frame Armature_Foot2_L {
              FrameTransformMatrix {
                 0.970519,-0.239789, 0.024364, 0.000000,
                 0.236696, 0.967282, 0.091329, 0.000000,
                -0.045466,-0.082869, 0.995523, 0.000000,
                -0.000000, 0.146647,-0.000000, 1.000000;;
              }
            } // End of Armature_Foot2_L
          } // End of Armature_Foot1_L
        } // End of Armature_Calf_L
      } // End of Armature_Thighs_L
      Frame Armature_Thighs_R {
        FrameTransformMatrix {
          -0.906738, 0.421695, 0.000000, 0.000000,
          -0.384881,-0.827580,-0.408630, 0.000000,
          -0.172317,-0.370521, 0.912701, 0.000000,
          -0.066730, 0.036734,-0.237999, 1.000000;;
        }
        Frame Armature_Calf_R {
          FrameTransformMatrix {
             0.792960, 0.556084, 0.248967, 0.000000,
            -0.605804, 0.763160, 0.224918, 0.000000,
            -0.064928,-0.329177, 0.942033, 0.000000,
             0.000000, 0.396929, 0.000000, 1.000000;;
          }
          Frame Armature_Foot1_R {
            FrameTransformMatrix {
               0.102616,-0.989057,-0.106003, 0.000000,
               0.989624, 0.112283,-0.089649, 0.000000,
               0.100570,-0.095704, 0.990316, 0.000000,
               0.000000, 0.360436, 0.000000, 1.000000;;
            }
            Frame Armature_Foot2_R {
              FrameTransformMatrix {
                 0.987365,-0.157653,-0.016018, 0.000000,
                 0.155619, 0.983740,-0.089656, 0.000000,
                 0.029892, 0.086030, 0.995844, 0.000000,
                 0.000000, 0.146647, 0.000000, 1.000000;;
              }
            } // End of Armature_Foot2_R
          } // End of Armature_Foot1_R
        } // End of Armature_Calf_R
      } // End of Armature_Thighs_R
    } // End of Armature_Root
    Frame Monster_A {
      FrameTransformMatrix {
         1.000000, 0.000000, 0.000000, 0.000000,
         0.000000, 1.000000, 0.000000, 0.000000,
         0.000000, 0.000000, 1.000000, 0.000000,
         0.000000, 0.000000, 0.000000, 1.000000;;
      }
      Mesh { // Monster_A mesh
        4362;
        -0.379512; 0.104038; 1.613819;,
        -0.477925; 0.097865; 1.506608;,
        -0.521397; 0.064403; 1.550096;,
        -0.398703;-0.131515; 0.211433;,
        -0.463929;-0.105100; 0.212678;,
        -0.459714;-0.116598; 0.111325;,
        -0.388166;-0.114302; 0.317819;,
        -0.448506;-0.078695; 0.321206;,
        -0.463929;-0.105100; 0.212678;,
        -0.448506;-0.078695; 0.321206;,
        -0.388166;-0.114302; 0.317819;,
        -0.375651;-0.109848; 0.393861;,
        -0.481939;-0.027501; 0.311484;,
        -0.448506;-0.078695; 0.321206;,
        -0.457823;-0.087781; 0.404502;,
        -0.486089;-0.055600; 0.204048;,
        -0.492426;-0.062350; 0.109359;,
        -0.459714;-0.116598; 0.111325;,
        -0.415885; 0.062103; 0.282162;,
        -0.468427; 0.030819; 0.295311;,
        -0.478064; 0.069880; 0.389245;,
        -0.486089;-0.055600; 0.204048;,
        -0.475605;-0.001596; 0.190836;,
        -0.484612;-0.002380; 0.120102;,
        -0.481939;-0.027501; 0.311484;,
        -0.468427; 0.030819; 0.295311;,
        -0.475605;-0.001596; 0.190836;,
        -0.355092; 0.048025; 0.279739;,
        -0.415885; 0.062103; 0.282162;,
        -0.402836; 0.112028; 0.375345;,
        -0.428879; 0.028871; 0.180782;,
        -0.440205; 0.047177; 0.120689;,
        -0.484612;-0.002380; 0.120102;,
        -0.468427; 0.030819; 0.295311;,
        -0.415885; 0.062103; 0.282162;,
        -0.428879; 0.028871; 0.180782;,
        -0.322291;-0.003329; 0.288395;,
        -0.355092; 0.048025; 0.279739;,
        -0.319225; 0.088870; 0.367765;,
        -0.428879; 0.028871; 0.180782;,
        -0.373282; 0.017953; 0.179775;,
        -0.375930; 0.021323; 0.115160;,
        -0.415885; 0.062103; 0.282162;,
        -0.355092; 0.048025; 0.279739;,
        -0.373282; 0.017953; 0.179775;,
        -0.335823;-0.061361; 0.304674;,
        -0.322291;-0.003329; 0.288395;,
        -0.278215; 0.013466; 0.367560;,
        -0.373282; 0.017953; 0.179775;,
        -0.341538;-0.027994; 0.188143;,
        -0.343444;-0.035835; 0.110131;,
        -0.355092; 0.048025; 0.279739;,
        -0.322291;-0.003329; 0.288395;,
        -0.341538;-0.027994; 0.188143;,
        -0.341538;-0.027994; 0.188143;,
        -0.343134;-0.081927; 0.201380;,
        -0.349211;-0.087943; 0.111028;,
        -0.343134;-0.081927; 0.201380;,
        -0.335823;-0.061361; 0.304674;,
        -0.388166;-0.114302; 0.317819;,
        -0.322291;-0.003329; 0.288395;,
        -0.335823;-0.061361; 0.304674;,
        -0.343134;-0.081927; 0.201380;,
        -0.468427; 0.030819; 0.295311;,
        -0.481939;-0.027501; 0.311484;,
        -0.500840;-0.012884; 0.401323;,
        -0.335823;-0.061361; 0.304674;,
        -0.300064;-0.064829; 0.379435;,
        -0.375651;-0.109848; 0.393861;,
        -0.343134;-0.081927; 0.201380;,
        -0.398703;-0.131515; 0.211433;,
        -0.400531;-0.135785; 0.111679;,
        -0.300064;-0.064829; 0.379435;,
        -0.289701;-0.066425; 0.415156;,
        -0.366768;-0.112127; 0.426167;,
        -0.278215; 0.013466; 0.367560;,
        -0.266363; 0.020706; 0.415008;,
        -0.289701;-0.066425; 0.415156;,
        -0.319225; 0.088870; 0.367765;,
        -0.307770; 0.100413; 0.433799;,
        -0.266363; 0.020706; 0.415008;,
        -0.402836; 0.112028; 0.375345;,
        -0.395389; 0.122799; 0.449954;,
        -0.307770; 0.100413; 0.433799;,
        -0.478064; 0.069880; 0.389245;,
        -0.473754; 0.075695; 0.460974;,
        -0.395389; 0.122799; 0.449954;,
        -0.500840;-0.012884; 0.401323;,
        -0.496961;-0.013308; 0.460403;,
        -0.473754; 0.075695; 0.460974;,
        -0.448506;-0.078695; 0.321206;,
        -0.481939;-0.027501; 0.311484;,
        -0.486089;-0.055600; 0.204048;,
        -0.375651;-0.109848; 0.393861;,
        -0.366768;-0.112127; 0.426167;,
        -0.451415;-0.092072; 0.448576;,
        -0.451415;-0.092072; 0.448576;,
        -0.423819;-0.092620; 0.496738;,
        -0.456168;-0.025544; 0.517944;,
        -0.285723;-0.077680; 0.461639;,
        -0.353592;-0.113611; 0.472275;,
        -0.366768;-0.112127; 0.426167;,
        -0.265980;-0.015066; 0.461208;,
        -0.285723;-0.077680; 0.461639;,
        -0.289701;-0.066425; 0.415156;,
        -0.291342; 0.062252; 0.492259;,
        -0.265980;-0.015066; 0.461208;,
        -0.266363; 0.020706; 0.415008;,
        -0.362493; 0.083967; 0.514777;,
        -0.291342; 0.062252; 0.492259;,
        -0.307770; 0.100413; 0.433799;,
        -0.430766; 0.047601; 0.525416;,
        -0.362493; 0.083967; 0.514777;,
        -0.395389; 0.122799; 0.449954;,
        -0.457823;-0.087781; 0.404502;,
        -0.451415;-0.092072; 0.448576;,
        -0.496961;-0.013308; 0.460403;,
        -0.496961;-0.013308; 0.460403;,
        -0.456168;-0.025544; 0.517944;,
        -0.430766; 0.047601; 0.525416;,
        -0.353592;-0.113611; 0.472275;,
        -0.285723;-0.077680; 0.461639;,
        -0.275215;-0.099610; 0.515781;,
        -0.285723;-0.077680; 0.461639;,
        -0.265980;-0.015066; 0.461208;,
        -0.249379;-0.032614; 0.524520;,
        -0.265980;-0.015066; 0.461208;,
        -0.291342; 0.062252; 0.492259;,
        -0.275215; 0.028940; 0.552376;,
        -0.291342; 0.062252; 0.492259;,
        -0.362493; 0.083967; 0.514777;,
        -0.337589; 0.048995; 0.583029;,
        -0.430766; 0.047601; 0.525416;,
        -0.399963; 0.015803; 0.598524;,
        -0.337589; 0.048995; 0.583029;,
        -0.456168;-0.025544; 0.517944;,
        -0.425799;-0.051193; 0.589785;,
        -0.399963; 0.015803; 0.598524;,
        -0.423819;-0.092620; 0.496738;,
        -0.353592;-0.113611; 0.472275;,
        -0.337589;-0.132802; 0.531276;,
        -0.337589;-0.132802; 0.531276;,
        -0.275215;-0.099610; 0.515781;,
        -0.198294;-0.169495; 0.614751;,
        -0.275215;-0.099610; 0.515781;,
        -0.249379;-0.032614; 0.524520;,
        -0.162407;-0.076807; 0.624932;,
        -0.249379;-0.032614; 0.524520;,
        -0.275215; 0.028940; 0.552376;,
        -0.197373; 0.008709; 0.662970;,
        -0.275215; 0.028940; 0.552376;,
        -0.337589; 0.048995; 0.583029;,
        -0.282709; 0.036960; 0.706583;,
        -0.337589; 0.048995; 0.583029;,
        -0.399963; 0.015803; 0.598524;,
        -0.360947;-0.004628; 0.728160;,
        -0.425799;-0.051193; 0.589785;,
        -0.392063;-0.101292; 0.720042;,
        -0.360947;-0.004628; 0.728160;,
        -0.423819;-0.092620; 0.496738;,
        -0.399963;-0.112747; 0.561929;,
        -0.425799;-0.051193; 0.589785;,
        -0.337589;-0.132802; 0.531276;,
        -0.284012;-0.215059; 0.638391;,
        -0.369349;-0.186808; 0.682004;,
        -0.284012;-0.215059; 0.638391;,
        -0.198294;-0.169495; 0.614751;,
        -0.134964;-0.229679; 0.699794;,
        -0.198294;-0.169495; 0.614751;,
        -0.162407;-0.076807; 0.624932;,
        -0.087207;-0.106228; 0.700027;,
        -0.162407;-0.076807; 0.624932;,
        -0.197373; 0.008709; 0.662970;,
        -0.128260; 0.009918; 0.748459;,
        -0.197373; 0.008709; 0.662970;,
        -0.282709; 0.036960; 0.706583;,
        -0.234073; 0.037568; 0.816719;,
        -0.282709; 0.036960; 0.706583;,
        -0.360947;-0.004628; 0.728160;,
        -0.313742;-0.000884; 0.850833;,
        -0.360947;-0.004628; 0.728160;,
        -0.392063;-0.101292; 0.720042;,
        -0.357386;-0.129394; 0.856005;,
        -0.399963;-0.112747; 0.561929;,
        -0.369349;-0.186808; 0.682004;,
        -0.392063;-0.101292; 0.720042;,
        -0.369349;-0.186808; 0.682004;,
        -0.284012;-0.215059; 0.638391;,
        -0.243554;-0.288119; 0.747896;,
        -0.243554;-0.288119; 0.747896;,
        -0.134964;-0.229679; 0.699794;,
        -0.067967;-0.340954; 0.802710;,
        -0.128260; 0.009918; 0.748459;,
        -0.234073; 0.037568; 0.816719;,
        -0.189176; 0.041657; 0.886607;,
        -0.313742;-0.000884; 0.850833;,
        -0.260755;-0.007944; 0.969379;,
        -0.189176; 0.041657; 0.886607;,
        -0.392063;-0.101292; 0.720042;,
        -0.369349;-0.186808; 0.682004;,
        -0.337252;-0.251987; 0.808341;,
        -0.337252;-0.251987; 0.808341;,
        -0.243554;-0.288119; 0.747896;,
        -0.201689;-0.380037; 0.880390;,
         0.001301;-0.405008; 0.895047;,
        -0.090049;-0.403828; 0.898091;,
        -0.067967;-0.340954; 0.802710;,
         0.001301;-0.341194; 0.802089;,
        -0.067967;-0.340954; 0.802710;,
        -0.006929;-0.146137; 0.712479;,
        -0.006929;-0.146137; 0.712479;,
        -0.076753; 0.024894; 0.777060;,
         0.001301; 0.028579; 0.785406;,
        -0.189176; 0.041657; 0.886607;,
        -0.087110; 0.043528; 0.897449;,
        -0.076753; 0.024894; 0.777060;,
        -0.101920; 0.027207; 0.986587;,
        -0.087110; 0.043528; 0.897449;,
        -0.189176; 0.041657; 0.886607;,
         0.001301;-0.406147; 0.989908;,
        -0.113839;-0.399646; 0.990314;,
        -0.090049;-0.403828; 0.898091;,
        -0.087110; 0.043528; 0.897449;,
         0.001301; 0.043410; 0.897449;,
         0.001301; 0.028579; 0.785406;,
         0.001301; 0.035288; 0.986311;,
         0.001301; 0.043410; 0.897449;,
        -0.087110; 0.043528; 0.897449;,
        -0.113839;-0.399646; 0.990314;,
        -0.248840;-0.333411; 0.991134;,
        -0.201689;-0.380037; 0.880390;,
        -0.090049;-0.403828; 0.898091;,
        -0.201689;-0.380037; 0.880390;,
        -0.067967;-0.340954; 0.802710;,
        -0.337252;-0.251987; 0.808341;,
        -0.248840;-0.333411; 0.991134;,
        -0.288804;-0.171794; 0.994075;,
        -0.265715;-0.141733; 1.131426;,
        -0.219091; 0.003074; 1.099614;,
        -0.260755;-0.007944; 0.969379;,
        -0.288804;-0.171794; 0.994075;,
        -0.248840;-0.333411; 0.991134;,
        -0.222558;-0.287028; 1.160046;,
        -0.109222;-0.347465; 1.172161;,
        -0.103298;-0.277933; 1.395402;,
        -0.205207;-0.217860; 1.369806;,
        -0.106367; 0.043744; 1.097546;,
        -0.219091; 0.003074; 1.099614;,
        -0.196974; 0.048134; 1.254619;,
        -0.109222;-0.347465; 1.172161;,
         0.001301;-0.357844; 1.172544;,
         0.001301;-0.286557; 1.398182;,
        -0.106367; 0.043744; 1.097546;,
        -0.110407; 0.082970; 1.240107;,
         0.001301; 0.094844; 1.234669;,
        -0.219091; 0.003074; 1.099614;,
        -0.265715;-0.141733; 1.131426;,
        -0.252261;-0.084118; 1.312819;,
        -0.205207;-0.217860; 1.369806;,
        -0.103298;-0.277933; 1.395402;,
        -0.118346;-0.256176; 1.513194;,
        -0.110407; 0.082970; 1.240107;,
        -0.196974; 0.048134; 1.254619;,
        -0.217927; 0.105555; 1.357693;,
        -0.103298;-0.277933; 1.395402;,
         0.001301;-0.286557; 1.398182;,
         0.001301;-0.262960; 1.515783;,
         0.001301; 0.094844; 1.234669;,
        -0.110407; 0.082970; 1.240107;,
        -0.116647; 0.152154; 1.351383;,
        -0.196974; 0.048134; 1.254619;,
        -0.252261;-0.084118; 1.312819;,
        -0.282495;-0.018089; 1.407412;,
        -0.222558;-0.287028; 1.160046;,
        -0.205207;-0.217860; 1.369806;,
        -0.252261;-0.084118; 1.312819;,
        -0.239321;-0.191455; 1.482935;,
        -0.118346;-0.256176; 1.513194;,
        -0.131834;-0.224480; 1.655000;,
        -0.116647; 0.152154; 1.351383;,
        -0.217927; 0.105555; 1.357693;,
        -0.233995; 0.144738; 1.411154;,
        -0.118346;-0.256176; 1.513194;,
         0.001301;-0.262960; 1.515783;,
         0.001301;-0.230273; 1.663126;,
        -0.116647; 0.152154; 1.351383;,
        -0.122719; 0.208354; 1.396520;,
         0.001301; 0.206522; 1.389845;,
        -0.217927; 0.105555; 1.357693;,
        -0.282495;-0.018089; 1.407412;,
        -0.305560; 0.053298; 1.444313;,
        -0.239321;-0.191455; 1.482935;,
        -0.295648;-0.171687; 1.592171;,
        -0.338772;-0.050305; 1.495770;,
        -0.295648;-0.171687; 1.592171;,
        -0.131834;-0.224480; 1.655000;,
        -0.133573;-0.168339; 1.732901;,
        -0.245642; 0.169797; 1.470281;,
        -0.229042; 0.213323; 1.594957;,
        -0.120033; 0.259039; 1.565166;,
         0.001301;-0.230273; 1.663126;,
         0.001301;-0.168774; 1.746656;,
        -0.133573;-0.168339; 1.732901;,
        -0.128494; 0.237209; 1.439452;,
        -0.120033; 0.259039; 1.565166;,
         0.001301; 0.246806; 1.563100;,
        -0.327635; 0.117391; 1.495022;,
        -0.308726; 0.124340; 1.654043;,
        -0.229042; 0.213323; 1.594957;,
        -0.133573;-0.168339; 1.732901;,
        -0.118609;-0.125283; 1.787795;,
        -0.218397;-0.065608; 1.781630;,
        -0.229042; 0.213323; 1.594957;,
        -0.186705; 0.191757; 1.683932;,
        -0.100027; 0.240193; 1.662703;,
         0.001301;-0.168774; 1.746656;,
         0.001301;-0.127362; 1.797560;,
        -0.118609;-0.125283; 1.787795;,
         0.001301; 0.246806; 1.563100;,
        -0.120033; 0.259039; 1.565166;,
        -0.100027; 0.240193; 1.662703;,
        -0.308726; 0.124340; 1.654043;,
        -0.248394; 0.123534; 1.717157;,
        -0.186705; 0.191757; 1.683932;,
        -0.291411;-0.110037; 1.731145;,
        -0.218397;-0.065608; 1.781630;,
        -0.251534; 0.025826; 1.763616;,
        -0.251534; 0.025826; 1.763616;,
        -0.181622; 0.051851; 1.797291;,
        -0.181285; 0.121485; 1.767288;,
        -0.099710;-0.069292; 1.830057;,
        -0.156259;-0.010568; 1.819988;,
        -0.218397;-0.065608; 1.781630;,
        -0.138873; 0.178688; 1.741559;,
        -0.081725; 0.236173; 1.731320;,
        -0.100027; 0.240193; 1.662703;,
         0.001301;-0.127362; 1.797560;,
         0.001301;-0.078396; 1.843382;,
        -0.099710;-0.069292; 1.830057;,
        -0.081725; 0.236173; 1.731320;,
         0.001301; 0.252734; 1.728326;,
         0.001301; 0.244710; 1.664555;,
        -0.181285; 0.121485; 1.767288;,
        -0.138873; 0.178688; 1.741559;,
        -0.186705; 0.191757; 1.683932;,
        -0.375930; 0.021323; 0.115160;,
        -0.343444;-0.035835; 0.110131;,
        -0.355743; 0.010675; 0.070132;,
        -0.343444;-0.035835; 0.110131;,
        -0.349211;-0.087943; 0.111028;,
        -0.348038;-0.090707; 0.071856;,
        -0.440205; 0.047177; 0.120689;,
        -0.464376; 0.139487; 0.067800;,
        -0.515656; 0.087754; 0.068558;,
        -0.484612;-0.002380; 0.120102;,
        -0.515656; 0.087754; 0.068558;,
        -0.510649;-0.014343; 0.070281;,
        -0.327635; 0.117391; 1.495022;,
        -0.305560; 0.053298; 1.444313;,
        -0.338772;-0.050305; 1.495770;,
        -0.515656; 0.087754; 0.068558;,
        -0.464376; 0.139487; 0.067800;,
        -0.516730; 0.186534; 0.038118;,
        -0.459714;-0.116598; 0.111325;,
        -0.469654;-0.111598; 0.071961;,
        -0.399318;-0.142440; 0.072613;,
        -0.440205; 0.047177; 0.120689;,
        -0.375930; 0.021323; 0.115160;,
        -0.394041; 0.108645; 0.068453;,
        -0.400531;-0.135785; 0.111679;,
        -0.399318;-0.142440; 0.072613;,
        -0.348038;-0.090707; 0.071856;,
        -0.394041; 0.108645; 0.068453;,
        -0.355743; 0.010675; 0.070132;,
        -0.358441; 0.044407; 0.027585;,
        -0.469654;-0.111598; 0.071961;,
        -0.476479;-0.106171; 0.029953;,
        -0.397853;-0.149434; 0.030798;,
        -0.464376; 0.139487; 0.067800;,
        -0.394041; 0.108645; 0.068453;,
        -0.421794; 0.199209; 0.034180;,
        -0.348038;-0.090707; 0.071856;,
        -0.399318;-0.142440; 0.072613;,
        -0.397853;-0.149434; 0.030798;,
        -0.355743; 0.010675; 0.070132;,
        -0.348038;-0.090707; 0.071856;,
        -0.344477;-0.085875; 0.029817;,
        -0.515656; 0.087754; 0.068558;,
        -0.548974; 0.183812; 0.030538;,
        -0.528904; 0.020000; 0.027777;,
        -0.492426;-0.062350; 0.109359;,
        -0.510649;-0.014343; 0.070281;,
        -0.469654;-0.111598; 0.071961;,
        -0.421794; 0.199209; 0.034180;,
        -0.358441; 0.044407; 0.027585;,
        -0.362534; 0.061447; 0.005921;,
        -0.546158; 0.183550; 0.003670;,
        -0.548974; 0.183812; 0.030538;,
        -0.543910; 0.186812; 0.027053;,
        -0.476479;-0.106171; 0.029953;,
        -0.478205;-0.100854; 0.008535;,
        -0.397665;-0.150244; 0.009467;,
        -0.344477;-0.085875; 0.029817;,
        -0.397853;-0.149434; 0.030798;,
        -0.397665;-0.150244; 0.009467;,
        -0.516730; 0.186534; 0.038118;,
        -0.495214; 0.177555; 0.003798;,
        -0.504153; 0.182059; 0.006742;,
        -0.358441; 0.044407; 0.027585;,
        -0.344477;-0.085875; 0.029817;,
        -0.345273;-0.081830; 0.008384;,
        -0.510649;-0.014343; 0.070281;,
        -0.528904; 0.020000; 0.027777;,
        -0.476479;-0.106171; 0.029953;,
        -0.548974; 0.183812; 0.030538;,
        -0.546158; 0.183550; 0.003670;,
        -0.532519; 0.039314; 0.006133;,
        -0.362534; 0.061447; 0.005921;,
        -0.478205;-0.100854; 0.008535;,
        -0.532519; 0.039314; 0.006133;,
        -0.291411;-0.110037; 1.731145;,
        -0.424474;-0.060107; 1.666732;,
        -0.377349;-0.085636; 1.582071;,
        -0.308726; 0.124340; 1.654043;,
        -0.379512; 0.104038; 1.613819;,
        -0.419722; 0.050888; 1.678205;,
        -0.338772;-0.050305; 1.495770;,
        -0.474134; 0.003351; 1.459996;,
        -0.451709; 0.074825; 1.461476;,
        -0.309962; 0.038671; 1.731890;,
        -0.419722; 0.050888; 1.678205;,
        -0.424474;-0.060107; 1.666732;,
        -0.252261;-0.084118; 1.312819;,
        -0.205207;-0.217860; 1.369806;,
        -0.239321;-0.191455; 1.482935;,
        -0.309962; 0.038671; 1.731890;,
        -0.251534; 0.025826; 1.763616;,
        -0.248394; 0.123534; 1.717157;,
        -0.528904; 0.020000; 0.027777;,
        -0.532519; 0.039314; 0.006133;,
        -0.478205;-0.100854; 0.008535;,
        -0.377349;-0.085636; 1.582071;,
        -0.511698;-0.027853; 1.493769;,
        -0.474134; 0.003351; 1.459996;,
        -0.338772;-0.050305; 1.495770;,
        -0.295648;-0.171687; 1.592171;,
        -0.377349;-0.085636; 1.582071;,
        -0.377349;-0.085636; 1.582071;,
        -0.424474;-0.060107; 1.666732;,
        -0.540184;-0.003106; 1.539634;,
        -0.419722; 0.050888; 1.678205;,
        -0.521397; 0.064403; 1.550096;,
        -0.540184;-0.003106; 1.539634;,
        -0.548676; 0.116945; 1.421481;,
        -0.589378; 0.147449; 1.378095;,
        -0.638303; 0.107170; 1.430759;,
        -0.477925; 0.097865; 1.506608;,
        -0.548676; 0.116945; 1.421481;,
        -0.589080; 0.083681; 1.464972;,
        -0.474134; 0.003351; 1.459996;,
        -0.544642; 0.025144; 1.376101;,
        -0.524081; 0.094996; 1.376892;,
        -0.451709; 0.074825; 1.461476;,
        -0.524081; 0.094996; 1.376892;,
        -0.548676; 0.116945; 1.421481;,
        -0.606432; 0.017741; 1.455353;,
        -0.579623;-0.005826; 1.409986;,
        -0.511698;-0.027853; 1.493769;,
        -0.589080; 0.083681; 1.464972;,
        -0.606432; 0.017741; 1.455353;,
        -0.540184;-0.003106; 1.539634;,
        -0.308726; 0.124340; 1.654043;,
        -0.327635; 0.117391; 1.495022;,
        -0.379512; 0.104038; 1.613819;,
        -0.327635; 0.117391; 1.495022;,
        -0.451709; 0.074825; 1.461476;,
        -0.477925; 0.097865; 1.506608;,
        -0.524081; 0.094996; 1.376892;,
        -0.544642; 0.025144; 1.376101;,
        -0.584493; 0.036287; 1.323144;,
        -0.524081; 0.094996; 1.376892;,
        -0.559596; 0.120871; 1.324101;,
        -0.589378; 0.147449; 1.378095;,
        -0.579623;-0.005826; 1.409986;,
        -0.606432; 0.017741; 1.455353;,
        -0.659314; 0.027322; 1.419110;,
        -0.606432; 0.017741; 1.455353;,
        -0.589080; 0.083681; 1.464972;,
        -0.638303; 0.107170; 1.430759;,
        -0.544642; 0.025144; 1.376101;,
        -0.579623;-0.005826; 1.409986;,
        -0.626852;-0.001214; 1.364175;,
        -0.626852;-0.001214; 1.364175;,
        -0.659314; 0.027322; 1.419110;,
        -0.694314; 0.043825; 1.371800;,
        -0.579623;-0.005826; 1.409986;,
        -0.544642; 0.025144; 1.376101;,
        -0.474134; 0.003351; 1.459996;,
        -0.584493; 0.036287; 1.323144;,
        -0.632144; 0.046611; 1.292549;,
        -0.606444; 0.114740; 1.293339;,
        -0.659314; 0.027322; 1.419110;,
        -0.638303; 0.107170; 1.430759;,
        -0.672104; 0.108292; 1.381420;,
        -0.589378; 0.147449; 1.378095;,
        -0.629338; 0.138458; 1.337929;,
        -0.672104; 0.108292; 1.381420;,
        -0.559596; 0.120871; 1.324101;,
        -0.606444; 0.114740; 1.293339;,
        -0.629338; 0.138458; 1.337929;,
        -0.626852;-0.001214; 1.364175;,
        -0.669332; 0.018329; 1.326434;,
        -0.632144; 0.046611; 1.292549;,
        -0.669332; 0.018329; 1.326434;,
        -0.694314; 0.043825; 1.371800;,
        -0.745380; 0.061271; 1.290382;,
        -0.632144; 0.046611; 1.292549;,
        -0.685253; 0.054142; 1.233921;,
        -0.674121; 0.122563; 1.241150;,
        -0.694314; 0.043825; 1.371800;,
        -0.672104; 0.108292; 1.381420;,
        -0.734653; 0.125305; 1.300525;,
        -0.629338; 0.138458; 1.337929;,
        -0.698499; 0.147142; 1.272008;,
        -0.734653; 0.125305; 1.300525;,
        -0.606444; 0.114740; 1.293339;,
        -0.674121; 0.122563; 1.241150;,
        -0.698499; 0.147142; 1.272008;,
        -0.632144; 0.046611; 1.292549;,
        -0.669332; 0.018329; 1.326434;,
        -0.717894; 0.030718; 1.257041;,
        -0.745380; 0.061271; 1.290382;,
        -0.806546; 0.096303; 1.215020;,
        -0.785473; 0.077904; 1.189357;,
        -0.674121; 0.122563; 1.241150;,
        -0.685253; 0.054142; 1.233921;,
        -0.763971; 0.088360; 1.175599;,
        -0.734653; 0.125305; 1.300525;,
        -0.793139; 0.150809; 1.228591;,
        -0.806546; 0.096303; 1.215020;,
        -0.698499; 0.147142; 1.272008;,
        -0.761850; 0.163071; 1.205902;,
        -0.793139; 0.150809; 1.228591;,
        -0.674121; 0.122563; 1.241150;,
        -0.746039; 0.140518; 1.181350;,
        -0.761850; 0.163071; 1.205902;,
        -0.717894; 0.030718; 1.257041;,
        -0.785473; 0.077904; 1.189357;,
        -0.763971; 0.088360; 1.175599;,
        -0.883882; 0.196620; 1.061717;,
        -0.888824; 0.212921; 1.073848;,
        -0.905780; 0.234222; 1.035489;,
        -0.763971; 0.088360; 1.175599;,
        -0.785473; 0.077904; 1.189357;,
        -0.836212; 0.096304; 1.129557;,
        -0.806546; 0.096303; 1.215020;,
        -0.793139; 0.150809; 1.228591;,
        -0.836067; 0.172057; 1.170859;,
        -0.761850; 0.163071; 1.205902;,
        -0.813131; 0.159044; 1.139497;,
        -0.836067; 0.172057; 1.170859;,
        -0.785473; 0.077904; 1.189357;,
        -0.806546; 0.096303; 1.215020;,
        -0.861723; 0.112587; 1.161452;,
        -0.859180; 0.217371; 1.048778;,
        -0.883882; 0.196620; 1.061717;,
        -0.905280; 0.227156; 1.025557;,
        -0.923412; 0.133756; 1.061885;,
        -0.948732; 0.146889; 1.041890;,
        -0.942288; 0.162052; 1.043130;,
        -0.896315; 0.189439; 1.068207;,
        -0.912014; 0.172134; 1.063151;,
        -0.927771; 0.191460; 1.041214;,
        -0.836067; 0.172057; 1.170859;,
        -0.888670; 0.191515; 1.111937;,
        -0.905480; 0.151559; 1.107751;,
        -0.813131; 0.159044; 1.139497;,
        -0.839715; 0.200716; 1.081808;,
        -0.859861; 0.215585; 1.098203;,
        -0.813131; 0.159044; 1.139497;,
        -0.871468; 0.180808; 1.090692;,
        -0.839715; 0.200716; 1.081808;,
        -0.763971; 0.088360; 1.175599;,
        -0.836212; 0.096304; 1.129557;,
        -0.813131; 0.159044; 1.139497;,
        -0.761850; 0.163071; 1.205902;,
        -0.746039; 0.140518; 1.181350;,
        -0.813131; 0.159044; 1.139497;,
        -0.813131; 0.159044; 1.139497;,
        -0.836212; 0.096304; 1.129557;,
        -0.883903; 0.148514; 1.086320;,
        -0.870912; 0.227475; 1.069456;,
        -0.892717; 0.244254; 1.031163;,
        -0.905780; 0.234222; 1.035489;,
        -0.836212; 0.096304; 1.129557;,
        -0.861723; 0.112587; 1.161452;,
        -0.914227; 0.120266; 1.107005;,
        -0.883903; 0.148514; 1.086320;,
        -0.836212; 0.096304; 1.129557;,
        -0.895968; 0.120121; 1.083998;,
        -0.888670; 0.191515; 1.111937;,
        -0.836067; 0.172057; 1.170859;,
        -0.859861; 0.215585; 1.098203;,
        -0.861723; 0.112587; 1.161452;,
        -0.905480; 0.151559; 1.107751;,
        -0.914227; 0.120266; 1.107005;,
        -0.859180; 0.217371; 1.048778;,
        -0.887554; 0.239613; 1.017133;,
        -0.892717; 0.244254; 1.031163;,
        -0.921276; 0.251437; 1.012625;,
        -0.913193; 0.256625; 1.009896;,
        -0.937244; 0.272686; 0.981826;,
        -0.920716; 0.209782; 1.043694;,
        -0.927771; 0.191460; 1.041214;,
        -0.952721; 0.208946; 1.022454;,
        -0.928611; 0.179409; 1.079096;,
        -0.912351; 0.202667; 1.079896;,
        -0.930572; 0.212360; 1.057892;,
        -0.912351; 0.202667; 1.079896;,
        -0.896315; 0.189439; 1.068207;,
        -0.920716; 0.209782; 1.043694;,
        -0.912014; 0.172134; 1.063151;,
        -0.928611; 0.179409; 1.079096;,
        -0.942367; 0.193520; 1.055711;,
        -0.942288; 0.162052; 1.043130;,
        -0.948732; 0.146889; 1.041890;,
        -0.974326; 0.157404; 1.021371;,
        -0.930968; 0.158734; 1.080756;,
        -0.953811; 0.163679; 1.054576;,
        -0.958483; 0.146966; 1.054177;,
        -0.923412; 0.133756; 1.061885;,
        -0.937917; 0.133872; 1.080164;,
        -0.958483; 0.146966; 1.054177;,
        -0.930968; 0.158734; 1.080756;,
        -0.913826; 0.156314; 1.063730;,
        -0.942288; 0.162052; 1.043130;,
        -0.839715; 0.200716; 1.081808;,
        -0.859180; 0.217371; 1.048778;,
        -0.870912; 0.227475; 1.069456;,
        -0.859861; 0.215585; 1.098203;,
        -0.870912; 0.227475; 1.069456;,
        -0.888824; 0.212921; 1.073848;,
        -0.839715; 0.200716; 1.081808;,
        -0.871468; 0.180808; 1.090692;,
        -0.883882; 0.196620; 1.061717;,
        -0.871468; 0.180808; 1.090692;,
        -0.888670; 0.191515; 1.111937;,
        -0.888824; 0.212921; 1.073848;,
        -0.905480; 0.151559; 1.107751;,
        -0.928611; 0.179409; 1.079096;,
        -0.912014; 0.172134; 1.063151;,
        -0.888670; 0.191515; 1.111937;,
        -0.871468; 0.180808; 1.090692;,
        -0.896315; 0.189439; 1.068207;,
        -0.888670; 0.191515; 1.111937;,
        -0.912351; 0.202667; 1.079896;,
        -0.928611; 0.179409; 1.079096;,
        -0.883903; 0.148514; 1.086320;,
        -0.912014; 0.172134; 1.063151;,
        -0.896315; 0.189439; 1.068207;,
        -0.905480; 0.151559; 1.107751;,
        -0.883903; 0.148514; 1.086320;,
        -0.913826; 0.156314; 1.063730;,
        -0.895968; 0.120121; 1.083998;,
        -0.914227; 0.120266; 1.107005;,
        -0.937917; 0.133872; 1.080164;,
        -0.905480; 0.151559; 1.107751;,
        -0.930968; 0.158734; 1.080756;,
        -0.937917; 0.133872; 1.080164;,
        -0.895968; 0.120121; 1.083998;,
        -0.923412; 0.133756; 1.061885;,
        -0.913826; 0.156314; 1.063730;,
