xof 0303txt 0032

template XSkinMeshHeader {
  <3cf169ce-ff7c-44ab-93c0-f78f62d172e2>
  WORD nMaxSkinWeightsPerVertex;
  WORD nMaxSkinWeightsPerFace;
  WORD nBones;
}

template SkinWeights {
  <6f0d123b-bad2-4167-a0d0-80224f25fabb>
  STRING transformNodeName;
  DWORD nWeights;
  array DWORD vertexIndices[nWeights];
  array float weights[nWeights];
  Matrix4x4 matrixOffset;
}

Frame Root {
  FrameTransformMatrix {
     1.000000, 0.000000, 0.000000, 0.000000,
     0.000000,-0.000000, 1.000000, 0.000000,
     0.000000, 1.000000, 0.000000, 0.000000,
     0.000000, 0.000000, 0.000000, 1.000000;;
  }
  Frame Armature {
    FrameTransformMatrix {
       1.000000, 0.000000, 0.000000, 0.000000,
       0.000000, 1.000000, 0.000000, 0.000000,
       0.000000, 0.000000, 1.000000, 0.000000,
       0.000000, 0.000000, 0.000000, 1.000000;;
    }
    Frame Armature_Root {
      FrameTransformMatrix {
         0.128100,-0.991755, 0.003438, 0.000000,
        -0.000897, 0.003351, 0.999994, 0.000000,
        -0.991761,-0.128102,-0.000460, 0.000000,
         0.003898,-0.191977, 0.793418, 1.000000;;
      }
      Frame Armature_Spine1 {
        FrameTransformMatrix {
           0.876359, 0.476596,-0.069647, 0.000000,
          -0.481611, 0.865059,-0.140441, 0.000000,
          -0.006685, 0.156619, 0.987636, 0.000000,
          -0.000000, 0.335882,-0.000000, 1.000000;;
        }
        Frame Armature_Spine2 {
          FrameTransformMatrix {
             0.996070,-0.022595, 0.085639, 0.000000,
             0.019790, 0.999244, 0.033460, 0.000000,
            -0.086330,-0.031633, 0.995764, 0.000000,
             0.000000, 0.351699, 0.000000, 1.000000;;
          }
          Frame Armature_Clavicle_L {
            FrameTransformMatrix {
              -0.921467, 0.377687,-0.090839, 0.000000,
              -0.139684,-0.103957, 0.984724, 0.000000,
               0.362474, 0.920079, 0.148549, 0.000000,
               0.000000, 0.397525,-0.000000, 1.000000;;
            }
            Frame Armature_UpperArm_L {
              FrameTransformMatrix {
                 0.945407, 0.005430, 0.325846, 0.000000,
                 0.311089, 0.282879,-0.907306, 0.000000,
                -0.097102, 0.959140, 0.265747, 0.000000,
                 0.000000, 0.397306,-0.000000, 1.000000;;
              }
              Frame Armature_Forearm_L {
                FrameTransformMatrix {
                   0.984966,-0.127799, 0.116228, 0.000000,
                   0.139829, 0.984907,-0.102014, 0.000000,
                  -0.101437, 0.116732, 0.987970, 0.000000,
                   0.000000, 0.296588, 0.000000, 1.000000;;
                }
                Frame Armature_Wrist_L {
                  FrameTransformMatrix {
                     0.995606,-0.069177, 0.063107, 0.000000,
                     0.071701, 0.996677,-0.038656, 0.000000,
                    -0.060224, 0.043011, 0.997258, 0.000000,
                    -0.000000, 0.416518,-0.000000, 1.000000;;
                  }
                  Frame Armature_Hand1_L {
                    FrameTransformMatrix {
                       0.877875,-0.366701, 0.308004, 0.000000,
                       0.477596, 0.717652,-0.506831, 0.000000,
                      -0.035185, 0.592036, 0.805143, 0.000000,
                       0.000000, 0.090056,-0.000000, 1.000000;;
                    }
                    Frame Armature_Finger1_L {
                      FrameTransformMatrix {
                         0.973280, 0.228999,-0.016870, 0.000000,
                        -0.187699, 0.835763, 0.516014, 0.000000,
                         0.132266,-0.499059, 0.856414, 0.000000,
                        -0.000000, 0.087328,-0.000000, 1.000000;;
                      }
                    } // End of Armature_Finger1_L
                  } // End of Armature_Hand1_L
                  Frame Armature_Hand2_L {
                    FrameTransformMatrix {
                       0.973390,-0.175468, 0.147384, 0.000000,
                       0.168333, 0.983923, 0.059665, 0.000000,
                      -0.155484,-0.033268, 0.987278, 0.000000,
                       0.000000, 0.090056,-0.000000, 1.000000;;
                    }
                    Frame Armature_Finger2_L {
                      FrameTransformMatrix {
                         0.998239, 0.043579,-0.040253, 0.000000,
                        -0.046918, 0.995180,-0.086113, 0.000000,
                         0.036307, 0.087850, 0.995472, 0.000000,
                        -0.000000, 0.097813, 0.000000, 1.000000;;
                      }
                    } // End of Armature_Finger2_L
                  } // End of Armature_Hand2_L
                  Frame Armature_Hand3_L {
                    FrameTransformMatrix {
                       0.816347, 0.442256,-0.371466, 0.000000,
                      -0.333068, 0.885928, 0.322797, 0.000000,
                       0.471851,-0.139791, 0.870526, 0.000000,
                       0.000000, 0.090056,-0.000000, 1.000000;;
                    }
                    Frame Armature_Finger3_L {
                      FrameTransformMatrix {
                         0.760291,-0.374599, 0.530691, 0.000000,
                         0.453713, 0.890897,-0.021150, 0.000000,
                        -0.464868, 0.256862, 0.847301, 0.000000,
                        -0.000000, 0.093606, 0.000000, 1.000000;;
                      }
                    } // End of Armature_Finger3_L
                  } // End of Armature_Hand3_L
                } // End of Armature_Wrist_L
              } // End of Armature_Forearm_L
            } // End of Armature_UpperArm_L
          } // End of Armature_Clavicle_L
          Frame Armature_Clavicle_R {
            FrameTransformMatrix {
              -0.958446, 0.278808,-0.060397, 0.000000,
               0.013821,-0.166087,-0.986014, 0.000000,
              -0.284940,-0.945876, 0.155333, 0.000000,
               0.000000, 0.397525,-0.000000, 1.000000;;
            }
            Frame Armature_UpperArm_R {
              FrameTransformMatrix {
                 0.974548, 0.125836, 0.185528, 0.000000,
                -0.222002, 0.426725, 0.876710, 0.000000,
                 0.031152,-0.895584, 0.443800, 0.000000,
                 0.000000, 0.397153,-0.000000, 1.000000;;
              }
              Frame Armature_Forearm_R {
                FrameTransformMatrix {
                   0.990918,-0.067646,-0.116210, 0.000000,
                   0.082504, 0.988310, 0.128208, 0.000000,
                   0.106178,-0.136631, 0.984915, 0.000000,
                  -0.000000, 0.296588, 0.000000, 1.000000;;
                }
                Frame Armature_Wrist_R {
                  FrameTransformMatrix {
                     0.995606,-0.069177,-0.063106, 0.000000,
                     0.071702, 0.996677, 0.038656, 0.000000,
                     0.060223,-0.043011, 0.997258, 0.000000,
                    -0.000000, 0.416518,-0.000000, 1.000000;;
                  }
                  Frame Armature_Hand1_R {
                    FrameTransformMatrix {
                       0.877875,-0.366699,-0.308007, 0.000000,
                       0.477596, 0.717651, 0.506833, 0.000000,
                       0.035186,-0.592038, 0.805141, 0.000000,
                       0.000000, 0.090056, 0.000000, 1.000000;;
                    }
                    Frame Armature_Finger1_R {
                      FrameTransformMatrix {
                         0.973280, 0.229000, 0.016873, 0.000000,
                        -0.187698, 0.835762,-0.516016, 0.000000,
                        -0.132269, 0.499061, 0.856413, 0.000000,
                         0.000000, 0.087328, 0.000000, 1.000000;;
                      }
                    } // End of Armature_Finger1_R
                  } // End of Armature_Hand1_R
                  Frame Armature_Hand2_R {
                    FrameTransformMatrix {
                       0.936120,-0.269289,-0.226190, 0.000000,
                       0.263378, 0.963036,-0.056511, 0.000000,
                       0.233047,-0.006672, 0.972443, 0.000000,
                       0.000000, 0.090056, 0.000000, 1.000000;;
                    }
                    Frame Armature_Finger2_R {
                      FrameTransformMatrix {
                         0.966694, 0.191674, 0.169602, 0.000000,
                        -0.199337, 0.979496, 0.029209, 0.000000,
                        -0.160526,-0.062044, 0.985080, 0.000000,
                         0.000000, 0.081438, 0.000000, 1.000000;;
                      }
                    } // End of Armature_Finger2_R
                  } // End of Armature_Hand2_R
                  Frame Armature_Hand3_R {
                    FrameTransformMatrix {
                       0.859009, 0.392023, 0.329273, 0.000000,
                      -0.251184, 0.883153,-0.396166, 0.000000,
                      -0.446104, 0.257602, 0.857107, 0.000000,
                       0.000000, 0.090056, 0.000000, 1.000000;;
                    }
                    Frame Armature_Finger3_R {
                      FrameTransformMatrix {
                         0.794973,-0.297638,-0.528611, 0.000000,
                         0.440959, 0.881934, 0.166574, 0.000000,
                         0.416621,-0.365518, 0.832360, 0.000000,
                         0.000000, 0.083728,-0.000000, 1.000000;;
                      }
                    } // End of Armature_Finger3_R
                  } // End of Armature_Hand3_R
                } // End of Armature_Wrist_R
              } // End of Armature_Forearm_R
            } // End of Armature_UpperArm_R
          } // End of Armature_Clavicle_R
          Frame Armature_Head {
            FrameTransformMatrix {
               0.994397,-0.027546, 0.102054, 0.000000,
               0.025769, 0.999493, 0.018693, 0.000000,
              -0.102518,-0.015959, 0.994603, 0.000000,
               0.000000, 0.397525,-0.000000, 1.000000;;
            }
          } // End of Armature_Head
        } // End of Armature_Spine2
      } // End of Armature_Spine1
      Frame Armature_Thighs_L {
        FrameTransformMatrix {
          -0.964704,-0.263337, 0.000001, 0.000000,
           0.240348,-0.880485, 0.408629, 0.000000,
          -0.107608, 0.394206, 0.912699, 0.000000,
          -0.073403, 0.040408, 0.261763, 1.000000;;
        }
        Frame Armature_Calf_L {
          FrameTransformMatrix {
             0.989810, 0.129968,-0.058188, 0.000000,
            -0.141588, 0.941801,-0.304899, 0.000000,
             0.015174, 0.310030, 0.950606, 0.000000,
            -0.000000, 0.436622, 0.000000, 1.000000;;
          }
          Frame Armature_Foot1_L {
            FrameTransformMatrix {
              -0.056633,-0.992710, 0.106394, 0.000000,
               0.993279,-0.045248, 0.106531, 0.000000,
              -0.100940, 0.111712, 0.988601, 0.000000,
               0.000000, 0.396480, 0.000000, 1.000000;;
            }
            Frame Armature_Foot2_L {
              FrameTransformMatrix {
                 0.981368,-0.191154, 0.019421, 0.000000,
                 0.188689, 0.977881, 0.090252, 0.000000,
                -0.036243,-0.084906, 0.995730, 0.000000,
                 0.000000, 0.161312,-0.000000, 1.000000;;
              }
            } // End of Armature_Foot2_L
          } // End of Armature_Foot1_L
        } // End of Armature_Calf_L
      } // End of Armature_Thighs_L
      Frame Armature_Thighs_R {
        FrameTransformMatrix {
          -0.899270, 0.437393,-0.000000, 0.000000,
          -0.399209,-0.820764,-0.408630, 0.000000,
          -0.178732,-0.367468, 0.912700, 0.000000,
          -0.073403, 0.040408,-0.261799, 1.000000;;
        }
        Frame Armature_Calf_R {
          FrameTransformMatrix {
             0.733793, 0.620064, 0.277612, 0.000000,
            -0.675505, 0.709466, 0.200878, 0.000000,
            -0.072399,-0.334931, 0.939457, 0.000000,
             0.000000, 0.436622,-0.000000, 1.000000;;
          }
          Frame Armature_Foot1_R {
            FrameTransformMatrix {
               0.067166,-0.992060,-0.106325, 0.000000,
               0.992629, 0.077215,-0.093407, 0.000000,
               0.100875,-0.099267, 0.989934, 0.000000,
              -0.000000, 0.396479, 0.000000, 1.000000;;
            }
            Frame Armature_Foot2_R {
              FrameTransformMatrix {
                 0.979508,-0.200374,-0.020360, 0.000000,
                 0.197790, 0.976064,-0.090436, 0.000000,
                 0.037993, 0.084556, 0.995694, 0.000000,
                 0.000000, 0.161312,-0.000000, 1.000000;;
              }
            } // End of Armature_Foot2_R
          } // End of Armature_Foot1_R
        } // End of Armature_Calf_R
      } // End of Armature_Thighs_R
    } // End of Armature_Root
    Frame Monster_A {
      FrameTransformMatrix {
         1.000000, 0.000000, 0.000000, 0.000000,
         0.000000, 1.000000, 0.000000, 0.000000,
         0.000000, 0.000000, 1.000000, 0.000000,
         0.000000, 0.000000, 0.000000, 1.000000;;
      }
      Mesh { // Monster_A mesh
        4362;
        -0.417463; 0.114441; 1.775201;,
        -0.525718; 0.107652; 1.657269;,
        -0.573536; 0.070843; 1.705106;,
        -0.438574;-0.144666; 0.232577;,
        -0.510322;-0.115610; 0.233946;,
        -0.505686;-0.128257; 0.122457;,
        -0.426983;-0.125732; 0.349601;,
        -0.493357;-0.086565; 0.353327;,
        -0.510322;-0.115610; 0.233946;,
        -0.493357;-0.086565; 0.353327;,
        -0.426983;-0.125732; 0.349601;,
        -0.413216;-0.120833; 0.433247;,
        -0.530133;-0.030252; 0.342632;,
        -0.493357;-0.086565; 0.353327;,
        -0.503605;-0.096559; 0.444952;,
        -0.534698;-0.061160; 0.224453;,
        -0.541668;-0.068585; 0.120295;,
        -0.505686;-0.128257; 0.122457;,
        -0.457474; 0.068314; 0.310379;,
        -0.515270; 0.033901; 0.324843;,
        -0.525870; 0.076868; 0.428170;,
        -0.534698;-0.061160; 0.224453;,
        -0.523166;-0.001755; 0.209920;,
        -0.533073;-0.002617; 0.132112;,
        -0.530133;-0.030252; 0.342632;,
        -0.515270; 0.033901; 0.324843;,
        -0.523166;-0.001755; 0.209920;,
        -0.390601; 0.052827; 0.307713;,
        -0.457474; 0.068314; 0.310379;,
        -0.443120; 0.123231; 0.412880;,
        -0.471767; 0.031758; 0.198861;,
        -0.484225; 0.051895; 0.132758;,
        -0.533073;-0.002617; 0.132112;,
        -0.515270; 0.033901; 0.324843;,
        -0.457474; 0.068314; 0.310379;,
        -0.471767; 0.031758; 0.198861;,
        -0.354520;-0.003662; 0.317235;,
        -0.390601; 0.052827; 0.307713;,
        -0.351147; 0.097757; 0.404541;,
        -0.471767; 0.031758; 0.198861;,
        -0.410611; 0.019748; 0.197753;,
        -0.413523; 0.023455; 0.126676;,
        -0.457474; 0.068314; 0.310379;,
        -0.390601; 0.052827; 0.307713;,
        -0.410611; 0.019748; 0.197753;,
        -0.369406;-0.067498; 0.335141;,
        -0.354520;-0.003662; 0.317235;,
        -0.306036; 0.014812; 0.404316;,
        -0.410611; 0.019748; 0.197753;,
        -0.375692;-0.030793; 0.206957;,
        -0.377789;-0.039418; 0.121144;,
        -0.390601; 0.052827; 0.307713;,
        -0.354520;-0.003662; 0.317235;,
        -0.375692;-0.030793; 0.206957;,
        -0.375692;-0.030793; 0.206957;,
        -0.377447;-0.090120; 0.221518;,
        -0.384132;-0.096737; 0.122131;,
        -0.377447;-0.090120; 0.221518;,
        -0.369406;-0.067498; 0.335141;,
        -0.426983;-0.125732; 0.349601;,
        -0.354520;-0.003662; 0.317235;,
        -0.369406;-0.067498; 0.335141;,
        -0.377447;-0.090120; 0.221518;,
        -0.515270; 0.033901; 0.324843;,
        -0.530133;-0.030252; 0.342632;,
        -0.550924;-0.014172; 0.441455;,
        -0.369406;-0.067498; 0.335141;,
        -0.330070;-0.071312; 0.417379;,
        -0.413216;-0.120833; 0.433247;,
        -0.377447;-0.090120; 0.221518;,
        -0.438574;-0.144666; 0.232577;,
        -0.440584;-0.149364; 0.122847;,
        -0.330070;-0.071312; 0.417379;,
        -0.318671;-0.073067; 0.456672;,
        -0.403445;-0.123340; 0.468784;,
        -0.306036; 0.014812; 0.404316;,
        -0.292999; 0.022776; 0.456509;,
        -0.318671;-0.073067; 0.456672;,
        -0.351147; 0.097757; 0.404541;,
        -0.338547; 0.110454; 0.477179;,
        -0.292999; 0.022776; 0.456509;,
        -0.443120; 0.123231; 0.412880;,
        -0.434928; 0.135079; 0.494949;,
        -0.338547; 0.110454; 0.477179;,
        -0.525870; 0.076868; 0.428170;,
        -0.521130; 0.083264; 0.507071;,
        -0.434928; 0.135079; 0.494949;,
        -0.550924;-0.014172; 0.441455;,
        -0.546657;-0.014639; 0.506443;,
        -0.521130; 0.083264; 0.507071;,
        -0.493357;-0.086565; 0.353327;,
        -0.530133;-0.030252; 0.342632;,
        -0.534698;-0.061160; 0.224453;,
        -0.413216;-0.120833; 0.433247;,
        -0.403445;-0.123340; 0.468784;,
        -0.496556;-0.101279; 0.493434;,
        -0.496556;-0.101279; 0.493434;,
        -0.466201;-0.101883; 0.546412;,
        -0.501785;-0.028099; 0.569739;,
        -0.314295;-0.085448; 0.507803;,
        -0.388952;-0.124972; 0.519503;,
        -0.403445;-0.123340; 0.468784;,
        -0.292578;-0.016573; 0.507329;,
        -0.314295;-0.085448; 0.507803;,
        -0.318671;-0.073067; 0.456672;,
        -0.320476; 0.068478; 0.541485;,
        -0.292578;-0.016573; 0.507329;,
        -0.292999; 0.022776; 0.456509;,
        -0.398742; 0.092364; 0.566255;,
        -0.320476; 0.068478; 0.541485;,
        -0.338547; 0.110454; 0.477179;,
        -0.473842; 0.052361; 0.577958;,
        -0.398742; 0.092364; 0.566255;,
        -0.434928; 0.135079; 0.494949;,
        -0.503605;-0.096559; 0.444952;,
        -0.496556;-0.101279; 0.493434;,
        -0.546657;-0.014639; 0.506443;,
        -0.546657;-0.014639; 0.506443;,
        -0.501785;-0.028099; 0.569739;,
        -0.473842; 0.052361; 0.577958;,
        -0.388952;-0.124972; 0.519503;,
        -0.314295;-0.085448; 0.507803;,
        -0.302737;-0.109571; 0.567359;,
        -0.314295;-0.085448; 0.507803;,
        -0.292578;-0.016573; 0.507329;,
        -0.274317;-0.035875; 0.576973;,
        -0.292578;-0.016573; 0.507329;,
        -0.320476; 0.068478; 0.541485;,
        -0.302737; 0.031834; 0.607613;,
        -0.320476; 0.068478; 0.541485;,
        -0.398742; 0.092364; 0.566255;,
        -0.371348; 0.053895; 0.641332;,
        -0.473842; 0.052361; 0.577958;,
        -0.439959; 0.017383; 0.658377;,
        -0.371348; 0.053895; 0.641332;,
        -0.501785;-0.028099; 0.569739;,
        -0.468379;-0.056312; 0.648763;,
        -0.439959; 0.017383; 0.658377;,
        -0.466201;-0.101883; 0.546412;,
        -0.388952;-0.124972; 0.519503;,
        -0.371348;-0.146082; 0.584404;,
        -0.371348;-0.146082; 0.584404;,
        -0.302737;-0.109571; 0.567359;,
        -0.218123;-0.186445; 0.676226;,
        -0.302737;-0.109571; 0.567359;,
        -0.274317;-0.035875; 0.576973;,
        -0.178647;-0.084488; 0.687425;,
        -0.274317;-0.035875; 0.576973;,
        -0.302737; 0.031834; 0.607613;,
        -0.217110; 0.009580; 0.729267;,
        -0.302737; 0.031834; 0.607613;,
        -0.371348; 0.053895; 0.641332;,
        -0.310980; 0.040656; 0.777241;,
        -0.371348; 0.053895; 0.641332;,
        -0.439959; 0.017383; 0.658377;,
        -0.397042;-0.005091; 0.800976;,
        -0.468379;-0.056312; 0.648763;,
        -0.431270;-0.111421; 0.792047;,
        -0.397042;-0.005091; 0.800976;,
        -0.466201;-0.101883; 0.546412;,
        -0.439959;-0.124022; 0.618122;,
        -0.468379;-0.056312; 0.648763;,
        -0.371348;-0.146082; 0.584404;,
        -0.312413;-0.236565; 0.702230;,
        -0.406284;-0.205489; 0.750205;,
        -0.312413;-0.236565; 0.702230;,
        -0.218123;-0.186445; 0.676226;,
        -0.148460;-0.252647; 0.769773;,
        -0.218123;-0.186445; 0.676226;,
        -0.178647;-0.084488; 0.687425;,
        -0.095928;-0.116851; 0.770029;,
        -0.178647;-0.084488; 0.687425;,
        -0.217110; 0.009580; 0.729267;,
        -0.141085; 0.010910; 0.823305;,
        -0.217110; 0.009580; 0.729267;,
        -0.310980; 0.040656; 0.777241;,
        -0.257480; 0.041324; 0.898391;,
        -0.310980; 0.040656; 0.777241;,
        -0.397042;-0.005091; 0.800976;,
        -0.345116;-0.000973; 0.935916;,
        -0.397042;-0.005091; 0.800976;,
        -0.431270;-0.111421; 0.792047;,
        -0.393125;-0.142334; 0.941606;,
        -0.439959;-0.124022; 0.618122;,
        -0.406284;-0.205489; 0.750205;,
        -0.431270;-0.111421; 0.792047;,
        -0.406284;-0.205489; 0.750205;,
        -0.312413;-0.236565; 0.702230;,
        -0.267909;-0.316931; 0.822686;,
        -0.267909;-0.316931; 0.822686;,
        -0.148460;-0.252647; 0.769773;,
        -0.074764;-0.375049; 0.882981;,
        -0.141085; 0.010910; 0.823305;,
        -0.257480; 0.041324; 0.898391;,
        -0.208094; 0.045823; 0.975268;,
        -0.345116;-0.000973; 0.935916;,
        -0.286831;-0.008739; 1.066316;,
        -0.208094; 0.045823; 0.975268;,
        -0.431270;-0.111421; 0.792047;,
        -0.406284;-0.205489; 0.750205;,
        -0.370977;-0.277186; 0.889175;,
        -0.370977;-0.277186; 0.889175;,
        -0.267909;-0.316931; 0.822686;,
        -0.221857;-0.418041; 0.968429;,
         0.001431;-0.445508; 0.984552;,
        -0.099054;-0.444211; 0.987900;,
        -0.074764;-0.375049; 0.882981;,
         0.001431;-0.375314; 0.882298;,
        -0.074764;-0.375049; 0.882981;,
        -0.007622;-0.160750; 0.783727;,
        -0.007622;-0.160750; 0.783727;,
        -0.084428; 0.027384; 0.854766;,
         0.001431; 0.031436; 0.863946;,
        -0.208094; 0.045823; 0.975268;,
        -0.095821; 0.047881; 0.987194;,
        -0.084428; 0.027384; 0.854766;,
        -0.112112; 0.029928; 1.085246;,
        -0.095821; 0.047881; 0.987194;,
        -0.208094; 0.045823; 0.975268;,
         0.001431;-0.446762; 1.088899;,
        -0.125223;-0.439611; 1.089346;,
        -0.099054;-0.444211; 0.987900;,
        -0.095821; 0.047881; 0.987194;,
         0.001431; 0.047751; 0.987194;,
         0.001431; 0.031436; 0.863946;,
         0.001431; 0.038817; 1.084942;,
         0.001431; 0.047751; 0.987194;,
        -0.095821; 0.047881; 0.987194;,
        -0.125223;-0.439611; 1.089346;,
        -0.273724;-0.366753; 1.090247;,
        -0.221857;-0.418041; 0.968429;,
        -0.099054;-0.444211; 0.987900;,
        -0.221857;-0.418041; 0.968429;,
        -0.074764;-0.375049; 0.882981;,
        -0.370977;-0.277186; 0.889175;,
        -0.273724;-0.366753; 1.090247;,
        -0.317684;-0.188973; 1.093483;,
        -0.292287;-0.155906; 1.244569;,
        -0.241000; 0.003382; 1.209576;,
        -0.286831;-0.008739; 1.066316;,
        -0.317684;-0.188973; 1.093483;,
        -0.273724;-0.366753; 1.090247;,
        -0.244813;-0.315731; 1.276050;,
        -0.120144;-0.382211; 1.289377;,
        -0.113628;-0.305726; 1.534942;,
        -0.225728;-0.239646; 1.506786;,
        -0.117003; 0.048119; 1.207300;,
        -0.241000; 0.003382; 1.209576;,
        -0.216671; 0.052948; 1.380081;,
        -0.120144;-0.382211; 1.289377;,
         0.001431;-0.393628; 1.289799;,
         0.001431;-0.315213; 1.538001;,
        -0.117003; 0.048119; 1.207300;,
        -0.121448; 0.091267; 1.364118;,
         0.001431; 0.104329; 1.358136;,
        -0.241000; 0.003382; 1.209576;,
        -0.292287;-0.155906; 1.244569;,
        -0.277488;-0.092530; 1.444101;,
        -0.225728;-0.239646; 1.506786;,
        -0.113628;-0.305726; 1.534942;,
        -0.130181;-0.281794; 1.664514;,
        -0.121448; 0.091267; 1.364118;,
        -0.216671; 0.052948; 1.380081;,
        -0.239719; 0.116111; 1.493462;,
        -0.113628;-0.305726; 1.534942;,
         0.001431;-0.315213; 1.538001;,
         0.001431;-0.289256; 1.667361;,
         0.001431; 0.104329; 1.358136;,
        -0.121448; 0.091267; 1.364118;,
        -0.128312; 0.167369; 1.486522;,
        -0.216671; 0.052948; 1.380081;,
        -0.277488;-0.092530; 1.444101;,
        -0.310744;-0.019898; 1.548154;,
        -0.244813;-0.315731; 1.276050;,
        -0.225728;-0.239646; 1.506786;,
        -0.277488;-0.092530; 1.444101;,
        -0.263253;-0.210600; 1.631228;,
        -0.130181;-0.281794; 1.664514;,
        -0.145018;-0.246928; 1.820500;,
        -0.128312; 0.167369; 1.486522;,
        -0.239719; 0.116111; 1.493462;,
        -0.257394; 0.159212; 1.552269;,
        -0.130181;-0.281794; 1.664514;,
         0.001431;-0.289256; 1.667361;,
         0.001431;-0.253300; 1.829439;,
        -0.128312; 0.167369; 1.486522;,
        -0.134991; 0.229189; 1.536172;,
         0.001431; 0.227174; 1.528829;,
        -0.239719; 0.116111; 1.493462;,
        -0.310744;-0.019898; 1.548154;,
        -0.336116; 0.058628; 1.588745;,
        -0.263253;-0.210600; 1.631228;,
        -0.325213;-0.188856; 1.751389;,
        -0.372649;-0.055336; 1.645347;,
        -0.325213;-0.188856; 1.751389;,
        -0.145018;-0.246928; 1.820500;,
        -0.146930;-0.185172; 1.906191;,
        -0.270207; 0.186777; 1.617309;,
        -0.251946; 0.234655; 1.754453;,
        -0.132036; 0.284943; 1.721683;,
         0.001431;-0.253300; 1.829439;,
         0.001431;-0.185651; 1.921321;,
        -0.146930;-0.185172; 1.906191;,
        -0.141344; 0.260930; 1.583397;,
        -0.132036; 0.284943; 1.721683;,
         0.001431; 0.271487; 1.719410;,
        -0.360399; 0.129131; 1.644524;,
        -0.339599; 0.136774; 1.819447;,
        -0.251946; 0.234655; 1.754453;,
        -0.146930;-0.185172; 1.906191;,
        -0.130470;-0.137812; 1.966575;,
        -0.240237;-0.072169; 1.959793;,
        -0.251946; 0.234655; 1.754453;,
        -0.205375; 0.210932; 1.852325;,
        -0.110030; 0.264213; 1.828973;,
         0.001431;-0.185651; 1.921321;,
         0.001431;-0.140098; 1.977316;,
        -0.130470;-0.137812; 1.966575;,
         0.001431; 0.271487; 1.719410;,
        -0.132036; 0.284943; 1.721683;,
        -0.110030; 0.264213; 1.828973;,
        -0.339599; 0.136774; 1.819447;,
        -0.273234; 0.135887; 1.888873;,
        -0.205375; 0.210932; 1.852325;,
        -0.320552;-0.121041; 1.904259;,
        -0.240237;-0.072169; 1.959793;,
        -0.276687; 0.028409; 1.939978;,
        -0.276687; 0.028409; 1.939978;,
        -0.199784; 0.057036; 1.977020;,
        -0.199413; 0.133633; 1.944016;,
        -0.109681;-0.076221; 2.013062;,
        -0.171885;-0.011625; 2.001987;,
        -0.240237;-0.072169; 1.959793;,
        -0.152761; 0.196557; 1.915715;,
        -0.089897; 0.259791; 1.904452;,
        -0.110030; 0.264213; 1.828973;,
         0.001431;-0.140098; 1.977316;,
         0.001431;-0.086236; 2.027721;,
        -0.109681;-0.076221; 2.013062;,
        -0.089897; 0.259791; 1.904452;,
         0.001431; 0.278007; 1.901159;,
         0.001431; 0.269181; 1.831011;,
        -0.199413; 0.133633; 1.944016;,
        -0.152761; 0.196557; 1.915715;,
        -0.205375; 0.210932; 1.852325;,
        -0.413523; 0.023455; 0.126676;,
        -0.377789;-0.039418; 0.121144;,
        -0.391317; 0.011743; 0.077146;,
        -0.377789;-0.039418; 0.121144;,
        -0.384132;-0.096737; 0.122131;,
        -0.382842;-0.099778; 0.079041;,
        -0.484225; 0.051895; 0.132758;,
        -0.510814; 0.153436; 0.074580;,
        -0.567222; 0.096530; 0.075414;,
        -0.533073;-0.002617; 0.132112;,
        -0.567222; 0.096530; 0.075414;,
        -0.561714;-0.015777; 0.077309;,
        -0.360399; 0.129131; 1.644524;,
        -0.336116; 0.058628; 1.588745;,
        -0.372649;-0.055336; 1.645347;,
        -0.567222; 0.096530; 0.075414;,
        -0.510814; 0.153436; 0.074580;,
        -0.568403; 0.205188; 0.041930;,
        -0.505686;-0.128257; 0.122457;,
        -0.516619;-0.122758; 0.079157;,
        -0.439250;-0.156684; 0.079874;,
        -0.484225; 0.051895; 0.132758;,
        -0.413523; 0.023455; 0.126676;,
        -0.433445; 0.119509; 0.075298;,
        -0.440584;-0.149364; 0.122847;,
        -0.439250;-0.156684; 0.079874;,
        -0.382842;-0.099778; 0.079041;,
        -0.433445; 0.119509; 0.075298;,
        -0.391317; 0.011743; 0.077146;,
        -0.394285; 0.048848; 0.030343;,
        -0.516619;-0.122758; 0.079157;,
        -0.524127;-0.116788; 0.032949;,
        -0.437638;-0.164377; 0.033878;,
        -0.510814; 0.153436; 0.074580;,
        -0.433445; 0.119509; 0.075298;,
        -0.463973; 0.219130; 0.037598;,
        -0.382842;-0.099778; 0.079041;,
        -0.439250;-0.156684; 0.079874;,
        -0.437638;-0.164377; 0.033878;,
        -0.391317; 0.011743; 0.077146;,
        -0.382842;-0.099778; 0.079041;,
        -0.378925;-0.094463; 0.032798;,
        -0.567222; 0.096530; 0.075414;,
        -0.603872; 0.202193; 0.033592;,
        -0.581794; 0.022000; 0.030555;,
        -0.541668;-0.068585; 0.120295;,
        -0.561714;-0.015777; 0.077309;,
        -0.516619;-0.122758; 0.079157;,
        -0.463973; 0.219130; 0.037598;,
        -0.394285; 0.048848; 0.030343;,
        -0.398787; 0.067592; 0.006513;,
        -0.600773; 0.201905; 0.004037;,
        -0.603872; 0.202193; 0.033592;,
        -0.598301; 0.205493; 0.029758;,
        -0.524127;-0.116788; 0.032949;,
        -0.526025;-0.110939; 0.009389;,
        -0.437432;-0.165268; 0.010414;,
        -0.378925;-0.094463; 0.032798;,
        -0.437638;-0.164377; 0.033878;,
        -0.437432;-0.165268; 0.010414;,
        -0.568403; 0.205188; 0.041930;,
        -0.544735; 0.195310; 0.004178;,
        -0.554568; 0.200265; 0.007416;,
        -0.394285; 0.048848; 0.030343;,
        -0.378925;-0.094463; 0.032798;,
        -0.379800;-0.090013; 0.009223;,
        -0.561714;-0.015777; 0.077309;,
        -0.581794; 0.022000; 0.030555;,
        -0.524127;-0.116788; 0.032949;,
        -0.603872; 0.202193; 0.033592;,
        -0.600773; 0.201905; 0.004037;,
        -0.585771; 0.043245; 0.006747;,
        -0.398787; 0.067592; 0.006513;,
        -0.526025;-0.110939; 0.009389;,
        -0.585771; 0.043245; 0.006747;,
        -0.320552;-0.121041; 1.904259;,
        -0.466921;-0.066117; 1.833405;,
        -0.415084;-0.094200; 1.740278;,
        -0.339599; 0.136774; 1.819447;,
        -0.417463; 0.114441; 1.775201;,
        -0.461694; 0.055977; 1.846026;,
        -0.372649;-0.055336; 1.645347;,
        -0.521547; 0.003686; 1.605995;,
        -0.496880; 0.082307; 1.607624;,
        -0.340958; 0.042538; 1.905079;,
        -0.461694; 0.055977; 1.846026;,
        -0.466921;-0.066117; 1.833405;,
        -0.277488;-0.092530; 1.444101;,
        -0.225728;-0.239646; 1.506786;,
        -0.263253;-0.210600; 1.631228;,
        -0.340958; 0.042538; 1.905079;,
        -0.276687; 0.028409; 1.939978;,
        -0.273234; 0.135887; 1.888873;,
        -0.581794; 0.022000; 0.030555;,
        -0.585771; 0.043245; 0.006747;,
        -0.526025;-0.110939; 0.009389;,
        -0.415084;-0.094200; 1.740278;,
        -0.562868;-0.030638; 1.643146;,
        -0.521547; 0.003686; 1.605995;,
        -0.372649;-0.055336; 1.645347;,
        -0.325213;-0.188856; 1.751389;,
        -0.415084;-0.094200; 1.740278;,
        -0.415084;-0.094200; 1.740278;,
        -0.466921;-0.066117; 1.833405;,
        -0.594202;-0.003417; 1.693598;,
        -0.461694; 0.055977; 1.846026;,
        -0.573536; 0.070843; 1.705106;,
        -0.594202;-0.003417; 1.693598;,
        -0.603544; 0.128640; 1.563629;,
        -0.648315; 0.162194; 1.515905;,
        -0.702133; 0.117887; 1.573835;,
        -0.525718; 0.107652; 1.657269;,
        -0.603544; 0.128640; 1.563629;,
        -0.647988; 0.092049; 1.611470;,
        -0.521547; 0.003686; 1.605995;,
        -0.599106; 0.027658; 1.513711;,
        -0.576489; 0.104496; 1.514581;,
        -0.496880; 0.082307; 1.607624;,
        -0.576489; 0.104496; 1.514581;,
        -0.603544; 0.128640; 1.563629;,
        -0.667075; 0.019515; 1.600888;,
        -0.637585;-0.006408; 1.550985;,
        -0.562868;-0.030638; 1.643146;,
        -0.647988; 0.092049; 1.611470;,
        -0.667075; 0.019515; 1.600888;,
        -0.594202;-0.003417; 1.693598;,
        -0.339599; 0.136774; 1.819447;,
        -0.360399; 0.129131; 1.644524;,
        -0.417463; 0.114441; 1.775201;,
        -0.360399; 0.129131; 1.644524;,
        -0.496880; 0.082307; 1.607624;,
        -0.525718; 0.107652; 1.657269;,
        -0.576489; 0.104496; 1.514581;,
        -0.599106; 0.027658; 1.513711;,
        -0.642942; 0.039915; 1.455458;,
        -0.576489; 0.104496; 1.514581;,
        -0.615555; 0.132958; 1.456511;,
        -0.648315; 0.162194; 1.515905;,
        -0.637585;-0.006408; 1.550985;,
        -0.667075; 0.019515; 1.600888;,
        -0.725246; 0.030055; 1.561021;,
        -0.667075; 0.019515; 1.600888;,
        -0.647988; 0.092049; 1.611470;,
        -0.702133; 0.117887; 1.573835;,
        -0.599106; 0.027658; 1.513711;,
        -0.637585;-0.006408; 1.550985;,
        -0.689537;-0.001336; 1.500593;,
        -0.689537;-0.001336; 1.500593;,
        -0.725246; 0.030055; 1.561021;,
        -0.763745; 0.048207; 1.508980;,
        -0.637585;-0.006408; 1.550985;,
        -0.599106; 0.027658; 1.513711;,
        -0.521547; 0.003686; 1.605995;,
        -0.642942; 0.039915; 1.455458;,
        -0.695359; 0.051272; 1.421804;,
        -0.667089; 0.126214; 1.422673;,
        -0.725246; 0.030055; 1.561021;,
        -0.702133; 0.117887; 1.573835;,
        -0.739315; 0.119121; 1.519562;,
        -0.648315; 0.162194; 1.515905;,
        -0.692272; 0.152304; 1.471722;,
        -0.739315; 0.119121; 1.519562;,
        -0.615555; 0.132958; 1.456511;,
        -0.667089; 0.126214; 1.422673;,
        -0.692272; 0.152304; 1.471722;,
        -0.689537;-0.001336; 1.500593;,
        -0.736265; 0.020162; 1.459077;,
        -0.695359; 0.051272; 1.421804;,
        -0.736265; 0.020162; 1.459077;,
        -0.763745; 0.048207; 1.508980;,
        -0.819918; 0.067398; 1.419420;,
        -0.695359; 0.051272; 1.421804;,
        -0.753778; 0.059556; 1.357313;,
        -0.741533; 0.134820; 1.365266;,
        -0.763745; 0.048207; 1.508980;,
        -0.739315; 0.119121; 1.519562;,
        -0.808119; 0.137835; 1.430577;,
        -0.692272; 0.152304; 1.471722;,
        -0.768348; 0.161857; 1.399208;,
        -0.808119; 0.137835; 1.430577;,
        -0.667089; 0.126214; 1.422673;,
        -0.741533; 0.134820; 1.365266;,
        -0.768348; 0.161857; 1.399208;,
        -0.695359; 0.051272; 1.421804;,
        -0.736265; 0.020162; 1.459077;,
        -0.789684; 0.033790; 1.382745;,
        -0.819918; 0.067398; 1.419420;,
        -0.887201; 0.105933; 1.336522;,
        -0.864021; 0.085695; 1.308293;,
        -0.741533; 0.134820; 1.365266;,
        -0.753778; 0.059556; 1.357313;,
        -0.840368; 0.097196; 1.293158;,
        -0.808119; 0.137835; 1.430577;,
        -0.872453; 0.165890; 1.351450;,
        -0.887201; 0.105933; 1.336522;,
        -0.768348; 0.161857; 1.399208;,
        -0.838035; 0.179379; 1.326492;,
        -0.872453; 0.165890; 1.351450;,
        -0.741533; 0.134820; 1.365266;,
        -0.820643; 0.154570; 1.299485;,
        -0.838035; 0.179379; 1.326492;,
        -0.789684; 0.033790; 1.382745;,
        -0.864021; 0.085695; 1.308293;,
        -0.840368; 0.097196; 1.293158;,
        -0.972270; 0.216282; 1.167888;,
        -0.977706; 0.234213; 1.181233;,
        -0.996358; 0.257645; 1.139038;,
        -0.840368; 0.097196; 1.293158;,
        -0.864021; 0.085695; 1.308293;,
        -0.919833; 0.105934; 1.242513;,
        -0.887201; 0.105933; 1.336522;,
        -0.872453; 0.165890; 1.351450;,
        -0.919673; 0.189263; 1.287945;,
        -0.838035; 0.179379; 1.326492;,
        -0.894444; 0.174948; 1.253446;,
        -0.919673; 0.189263; 1.287945;,
        -0.864021; 0.085695; 1.308293;,
        -0.887201; 0.105933; 1.336522;,
        -0.947896; 0.123845; 1.277597;,
        -0.945098; 0.239108; 1.153656;,
        -0.972270; 0.216282; 1.167888;,
        -0.995808; 0.249872; 1.128112;,
        -1.015753; 0.147132; 1.168074;,
        -1.043605; 0.161577; 1.146079;,
        -1.036517; 0.178257; 1.147443;,
        -0.985947; 0.208383; 1.175027;,
        -1.003215; 0.189348; 1.169466;,
        -1.020548; 0.210606; 1.145335;,
        -0.919673; 0.189263; 1.287945;,
        -0.977537; 0.210667; 1.223131;,
        -0.996028; 0.166715; 1.218526;,
        -0.894444; 0.174948; 1.253446;,
        -0.923686; 0.220787; 1.189988;,
        -0.945847; 0.237143; 1.208023;,
        -0.894444; 0.174948; 1.253446;,
        -0.958615; 0.198889; 1.199761;,
        -0.923686; 0.220787; 1.189988;,
        -0.840368; 0.097196; 1.293158;,
        -0.919833; 0.105934; 1.242513;,
        -0.894444; 0.174948; 1.253446;,
        -0.838035; 0.179379; 1.326492;,
        -0.820643; 0.154570; 1.299485;,
        -0.894444; 0.174948; 1.253446;,
        -0.894444; 0.174948; 1.253446;,
        -0.919833; 0.105934; 1.242513;,
        -0.972294; 0.163365; 1.194952;,
        -0.958003; 0.250223; 1.176401;,
        -0.981989; 0.268679; 1.134279;,
        -0.996358; 0.257645; 1.139038;,
        -0.919833; 0.105934; 1.242513;,
        -0.947896; 0.123845; 1.277597;,
        -1.005649; 0.132293; 1.217706;,
        -0.972294; 0.163365; 1.194952;,
        -0.919833; 0.105934; 1.242513;,
        -0.985565; 0.132133; 1.192398;,
        -0.977537; 0.210667; 1.223131;,
        -0.919673; 0.189263; 1.287945;,
        -0.945847; 0.237143; 1.208023;,
        -0.947896; 0.123845; 1.277597;,
        -0.996028; 0.166715; 1.218526;,
        -1.005649; 0.132293; 1.217706;,
        -0.945098; 0.239108; 1.153656;,
        -0.976310; 0.263574; 1.118846;,
        -0.981989; 0.268679; 1.134279;,
        -1.013404; 0.276580; 1.113887;,
        -1.004513; 0.282288; 1.110886;,
        -1.030969; 0.299954; 1.080008;,
        -1.012788; 0.230760; 1.148063;,
        -1.020548; 0.210606; 1.145335;,
        -1.047994; 0.229841; 1.124699;,
        -1.021472; 0.197350; 1.187006;,
        -1.003586; 0.222934; 1.187886;,
        -1.023629; 0.233596; 1.163682;,
        -1.003586; 0.222934; 1.187886;,
        -0.985947; 0.208383; 1.175027;,
        -1.012788; 0.230760; 1.148063;,
        -1.003215; 0.189348; 1.169466;,
        -1.021472; 0.197350; 1.187006;,
        -1.036603; 0.212872; 1.161282;,
        -1.036517; 0.178257; 1.147443;,
        -1.043605; 0.161577; 1.146079;,
        -1.071758; 0.173144; 1.123508;,
        -1.024065; 0.174607; 1.188832;,
        -1.049193; 0.180046; 1.160033;,
        -1.054331; 0.161663; 1.159595;,
        -1.015753; 0.147132; 1.168074;,
        -1.031709; 0.147259; 1.188180;,
        -1.054331; 0.161663; 1.159595;,
        -1.024065; 0.174607; 1.188832;,
        -1.005209; 0.171945; 1.170103;,
        -1.036517; 0.178257; 1.147443;,
        -0.923686; 0.220787; 1.189988;,
        -0.945098; 0.239108; 1.153656;,
        -0.958003; 0.250223; 1.176401;,
        -0.945847; 0.237143; 1.208023;,
        -0.958003; 0.250223; 1.176401;,
        -0.977706; 0.234213; 1.181233;,
        -0.923686; 0.220787; 1.189988;,
        -0.958615; 0.198889; 1.199761;,
        -0.972270; 0.216282; 1.167888;,
        -0.958615; 0.198889; 1.199761;,
        -0.977537; 0.210667; 1.223131;,
        -0.977706; 0.234213; 1.181233;,
        -0.996028; 0.166715; 1.218526;,
        -1.021472; 0.197350; 1.187006;,
        -1.003215; 0.189348; 1.169466;,
        -0.977537; 0.210667; 1.223131;,
        -0.958615; 0.198889; 1.199761;,
        -0.985947; 0.208383; 1.175027;,
        -0.977537; 0.210667; 1.223131;,
        -1.003586; 0.222934; 1.187886;,
        -1.021472; 0.197350; 1.187006;,
        -0.972294; 0.163365; 1.194952;,
        -1.003215; 0.189348; 1.169466;,
        -0.985947; 0.208383; 1.175027;,
        -0.996028; 0.166715; 1.218526;,
        -0.972294; 0.163365; 1.194952;,
        -1.005209; 0.171945; 1.170103;,
        -0.985565; 0.132133; 1.192398;,
        -1.005649; 0.132293; 1.217706;,
        -1.031709; 0.147259; 1.188180;,
        -0.996028; 0.166715; 1.218526;,
        -1.024065; 0.174607; 1.188832;,
        -1.031709; 0.147259; 1.188180;,
        -0.985565; 0.132133; 1.192398;,
        -1.015753; 0.147132; 1.168074;,
        -1.005209; 0.171945; 1.170103;,
